frame,triangle_0,triangle_1,triangle_2,triangle_3,triangle_4,triangle_5,triangle_6,triangle_7,triangle_8,triangle_9,triangle_10,triangle_11,triangle_12,triangle_13,triangle_14,triangle_15,triangle_16,triangle_17,triangle_18,triangle_19,triangle_20,triangle_21,triangle_22,triangle_23,triangle_24,triangle_25,triangle_26,triangle_27,triangle_28,triangle_29,triangle_30,triangle_31,triangle_32,triangle_33,triangle_34,triangle_35,triangle_36,triangle_37,triangle_38,triangle_39,triangle_40,triangle_41,triangle_42,triangle_43,triangle_44,triangle_45,triangle_46,triangle_47,triangle_48,triangle_49,triangle_50,triangle_51,triangle_52,triangle_53,triangle_54,triangle_55,triangle_56,triangle_57,triangle_58,triangle_59,triangle_60,triangle_61,triangle_62,triangle_63,triangle_64,triangle_65,triangle_66,triangle_67,triangle_68,triangle_69,triangle_70,triangle_71,triangle_72,triangle_73,triangle_74,triangle_75,triangle_76,triangle_77,triangle_78,triangle_79,triangle_80,triangle_81,triangle_82,triangle_83,triangle_84,triangle_85,triangle_86,triangle_87,triangle_88,triangle_89,triangle_90,triangle_91,triangle_92,triangle_93,triangle_94,triangle_95,triangle_96,triangle_97,triangle_98,triangle_99,triangle_100,triangle_101,triangle_102,triangle_103,triangle_104,triangle_105,triangle_106,triangle_107,triangle_108,triangle_109,yaw,pitch,roll
1,2.0,69.0,70.0,60.0,43.0,41.0,14.0,536.0,78.0,83.0,634.0,375.0,781.0,944.0,44.0,65.0,65.0,29.0,24.0,172.0,47.0,96.0,66.0,16.0,18.0,256.0,448.0,311.0,114.0,35.0,23.0,23.0,65.0,58.0,20.0,1.0,19.0,49.0,45.0,36.0,119.0,17.0,202.0,71.0,138.0,10.0,51.0,21.0,13.0,72.0,36.0,50.0,47.0,41.0,117.0,167.0,48.0,29.0,5.0,65.0,30.0,62.0,92.0,11.0,36.0,40.0,25.0,56.0,29.0,16.0,3.0,2.0,11.0,0.0,1.0,40.0,33.0,2.0,4.0,8.0,136.0,77.0,177.0,283.0,148.0,276.0,267.0,173.0,187.0,97.0,894.0,87.0,264.0,106.0,176.0,1772.0,209.0,233.0,148.0,682.0,992.0,1151.0,328.0,2974.0,61.0,60.0,60.0,37.0,210.0,278.0,-36.178401947021484,-25.615530014038086,16.078493118286133
2,16.0,67.0,68.0,58.0,38.0,36.0,14.0,525.0,81.0,82.0,615.0,356.0,768.0,930.0,42.0,63.0,60.0,34.0,24.0,179.0,46.0,105.0,65.0,14.0,19.0,251.0,449.0,321.0,111.0,34.0,21.0,21.0,62.0,61.0,19.0,1.0,17.0,49.0,46.0,36.0,125.0,8.0,193.0,65.0,153.0,9.0,51.0,20.0,12.0,72.0,35.0,47.0,41.0,36.0,116.0,146.0,44.0,29.0,3.0,66.0,30.0,60.0,83.0,12.0,38.0,39.0,24.0,57.0,26.0,15.0,2.0,0.0,10.0,0.0,0.0,40.0,32.0,3.0,4.0,8.0,130.0,74.0,176.0,267.0,140.0,279.0,272.0,171.0,183.0,92.0,895.0,89.0,266.0,114.0,182.0,1824.0,218.0,231.0,140.0,686.0,985.0,1148.0,308.0,2958.0,55.0,54.0,53.0,33.0,203.0,272.0,-35.991973876953125,-25.77077865600586,16.070650100708008
3,15.0,68.0,68.0,57.0,37.0,35.0,13.0,527.0,80.0,81.0,611.0,357.0,763.0,921.0,41.0,63.0,58.0,32.0,28.0,176.0,45.0,103.0,65.0,14.0,20.0,249.0,450.0,324.0,113.0,35.0,22.0,22.0,64.0,59.0,19.0,1.0,17.0,45.0,41.0,37.0,128.0,8.0,193.0,63.0,147.0,9.0,52.0,20.0,12.0,74.0,35.0,47.0,43.0,36.0,117.0,143.0,43.0,29.0,2.0,65.0,26.0,53.0,78.0,15.0,40.0,40.0,23.0,57.0,25.0,15.0,1.0,0.0,10.0,0.0,0.0,41.0,34.0,3.0,5.0,8.0,128.0,77.0,172.0,264.0,142.0,283.0,274.0,167.0,181.0,89.0,896.0,90.0,265.0,114.0,180.0,1819.0,220.0,230.0,139.0,698.0,963.0,1125.0,307.0,2948.0,55.0,53.0,52.0,33.0,203.0,270.0,-36.896419525146484,-25.717056274414062,17.185075759887695
4,16.0,67.0,66.0,57.0,36.0,34.0,13.0,532.0,78.0,81.0,614.0,357.0,764.0,917.0,41.0,63.0,60.0,33.0,28.0,176.0,45.0,103.0,64.0,14.0,20.0,251.0,455.0,326.0,114.0,35.0,22.0,21.0,63.0,58.0,19.0,1.0,17.0,47.0,42.0,37.0,133.0,5.0,191.0,62.0,145.0,9.0,50.0,20.0,12.0,74.0,35.0,46.0,44.0,35.0,117.0,154.0,44.0,29.0,2.0,65.0,27.0,55.0,79.0,12.0,37.0,38.0,23.0,56.0,26.0,15.0,2.0,0.0,10.0,0.0,0.0,43.0,35.0,3.0,4.0,7.0,129.0,76.0,173.0,270.0,136.0,281.0,275.0,167.0,180.0,90.0,888.0,88.0,263.0,113.0,180.0,1802.0,215.0,227.0,138.0,692.0,956.0,1112.0,297.0,2932.0,54.0,52.0,50.0,32.0,198.0,266.0,-37.85206604003906,-25.32476234436035,17.466564178466797
5,18.0,67.0,67.0,57.0,36.0,34.0,13.0,526.0,79.0,82.0,614.0,363.0,760.0,913.0,42.0,63.0,60.0,34.0,26.0,177.0,46.0,103.0,65.0,15.0,20.0,251.0,458.0,326.0,114.0,35.0,22.0,22.0,64.0,57.0,19.0,1.0,17.0,45.0,42.0,36.0,128.0,7.0,191.0,65.0,150.0,9.0,50.0,21.0,12.0,74.0,34.0,47.0,44.0,35.0,116.0,151.0,43.0,30.0,2.0,67.0,27.0,55.0,79.0,19.0,37.0,38.0,22.0,56.0,25.0,15.0,1.0,0.0,10.0,0.0,0.0,42.0,35.0,3.0,4.0,8.0,129.0,75.0,175.0,268.0,136.0,281.0,274.0,168.0,181.0,91.0,891.0,90.0,265.0,114.0,182.0,1795.0,221.0,226.0,138.0,686.0,943.0,1101.0,295.0,2918.0,53.0,51.0,50.0,32.0,200.0,264.0,-35.40766143798828,-27.104230880737305,17.056060791015625
6,20.0,68.0,67.0,58.0,38.0,35.0,13.0,529.0,78.0,82.0,616.0,358.0,761.0,917.0,41.0,62.0,60.0,33.0,22.0,175.0,45.0,101.0,65.0,15.0,20.0,248.0,458.0,327.0,112.0,34.0,21.0,21.0,61.0,59.0,19.0,0.0,17.0,47.0,43.0,36.0,128.0,7.0,190.0,64.0,152.0,9.0,50.0,20.0,12.0,72.0,33.0,46.0,45.0,36.0,116.0,156.0,44.0,28.0,2.0,65.0,28.0,56.0,83.0,13.0,37.0,39.0,23.0,56.0,25.0,15.0,1.0,0.0,10.0,0.0,0.0,43.0,36.0,3.0,4.0,8.0,127.0,77.0,170.0,271.0,139.0,279.0,271.0,164.0,177.0,91.0,887.0,89.0,262.0,113.0,178.0,1803.0,218.0,225.0,137.0,687.0,934.0,1093.0,298.0,2893.0,55.0,54.0,53.0,33.0,203.0,268.0,-35.175941467285156,-27.294897079467773,17.16608428955078
7,21.0,67.0,67.0,58.0,39.0,36.0,13.0,529.0,78.0,82.0,618.0,360.0,763.0,913.0,41.0,62.0,61.0,32.0,21.0,174.0,46.0,100.0,66.0,15.0,19.0,252.0,464.0,328.0,110.0,34.0,21.0,21.0,62.0,58.0,19.0,0.0,17.0,45.0,42.0,36.0,129.0,9.0,189.0,64.0,150.0,9.0,50.0,20.0,12.0,71.0,33.0,46.0,44.0,37.0,116.0,159.0,46.0,29.0,3.0,66.0,28.0,55.0,83.0,13.0,37.0,40.0,24.0,57.0,26.0,15.0,2.0,0.0,10.0,0.0,0.0,40.0,34.0,3.0,4.0,8.0,129.0,75.0,171.0,275.0,143.0,277.0,270.0,167.0,181.0,93.0,883.0,88.0,262.0,110.0,178.0,1797.0,217.0,227.0,140.0,683.0,934.0,1093.0,299.0,2879.0,56.0,56.0,55.0,35.0,205.0,269.0,-35.02568054199219,-27.49256706237793,17.60379409790039
8,20.0,65.0,67.0,57.0,36.0,34.0,13.0,527.0,79.0,83.0,613.0,359.0,761.0,913.0,41.0,63.0,59.0,33.0,23.0,177.0,45.0,104.0,66.0,16.0,19.0,250.0,455.0,327.0,110.0,34.0,22.0,21.0,62.0,61.0,19.0,0.0,17.0,46.0,43.0,37.0,131.0,6.0,191.0,63.0,156.0,9.0,49.0,20.0,12.0,73.0,33.0,46.0,44.0,35.0,117.0,154.0,45.0,28.0,4.0,66.0,30.0,56.0,82.0,13.0,37.0,38.0,23.0,56.0,25.0,15.0,2.0,1.0,10.0,0.0,1.0,43.0,36.0,3.0,4.0,8.0,129.0,79.0,171.0,268.0,137.0,280.0,273.0,166.0,179.0,91.0,886.0,88.0,264.0,113.0,180.0,1810.0,220.0,225.0,136.0,678.0,933.0,1092.0,294.0,2901.0,53.0,52.0,51.0,33.0,203.0,267.0,-34.91548156738281,-27.705398559570312,17.34343147277832
9,19.0,66.0,66.0,56.0,36.0,33.0,13.0,532.0,79.0,82.0,613.0,358.0,762.0,915.0,41.0,63.0,59.0,34.0,23.0,179.0,44.0,105.0,65.0,15.0,20.0,248.0,461.0,329.0,113.0,34.0,21.0,20.0,61.0,61.0,19.0,0.0,17.0,48.0,43.0,38.0,131.0,7.0,188.0,63.0,154.0,9.0,49.0,20.0,12.0,73.0,35.0,46.0,43.0,35.0,119.0,149.0,44.0,28.0,4.0,64.0,28.0,56.0,78.0,14.0,38.0,38.0,22.0,56.0,24.0,15.0,2.0,1.0,10.0,0.0,1.0,43.0,36.0,3.0,4.0,8.0,130.0,80.0,171.0,263.0,134.0,282.0,274.0,165.0,180.0,89.0,891.0,89.0,266.0,115.0,181.0,1809.0,219.0,224.0,135.0,674.0,937.0,1099.0,291.0,2913.0,52.0,51.0,49.0,32.0,203.0,265.0,-35.17375183105469,-28.042022705078125,17.257892608642578
10,21.0,65.0,67.0,56.0,35.0,33.0,13.0,529.0,79.0,81.0,612.0,353.0,764.0,915.0,41.0,62.0,58.0,35.0,22.0,180.0,45.0,105.0,64.0,15.0,20.0,247.0,457.0,329.0,111.0,35.0,22.0,21.0,62.0,62.0,20.0,1.0,18.0,46.0,43.0,38.0,135.0,5.0,192.0,63.0,163.0,9.0,51.0,20.0,12.0,74.0,35.0,46.0,42.0,35.0,120.0,148.0,45.0,29.0,2.0,66.0,28.0,54.0,76.0,16.0,36.0,37.0,22.0,56.0,26.0,14.0,1.0,0.0,10.0,0.0,0.0,42.0,36.0,3.0,4.0,8.0,129.0,81.0,170.0,260.0,133.0,283.0,277.0,165.0,180.0,87.0,892.0,90.0,266.0,116.0,183.0,1829.0,221.0,224.0,135.0,668.0,939.0,1102.0,291.0,2909.0,52.0,50.0,49.0,31.0,201.0,269.0,-35.0492057800293,-28.631725311279297,18.33683204650879
11,20.0,65.0,68.0,56.0,36.0,33.0,13.0,530.0,77.0,81.0,612.0,354.0,764.0,918.0,41.0,63.0,59.0,34.0,21.0,180.0,45.0,104.0,64.0,15.0,20.0,247.0,459.0,328.0,113.0,35.0,22.0,21.0,63.0,61.0,19.0,1.0,17.0,47.0,43.0,38.0,133.0,5.0,192.0,64.0,162.0,9.0,50.0,20.0,12.0,74.0,35.0,46.0,44.0,35.0,118.0,152.0,45.0,29.0,3.0,65.0,29.0,57.0,79.0,15.0,36.0,37.0,22.0,57.0,25.0,15.0,2.0,1.0,10.0,0.0,0.0,45.0,37.0,3.0,4.0,8.0,129.0,81.0,168.0,264.0,132.0,282.0,275.0,165.0,177.0,88.0,892.0,89.0,265.0,116.0,182.0,1824.0,220.0,223.0,135.0,669.0,939.0,1102.0,290.0,2908.0,52.0,51.0,49.0,31.0,198.0,266.0,-35.29165267944336,-28.19106674194336,17.9504451751709
12,22.0,65.0,68.0,57.0,36.0,33.0,13.0,529.0,77.0,81.0,612.0,353.0,763.0,919.0,41.0,63.0,59.0,36.0,20.0,178.0,44.0,104.0,64.0,15.0,20.0,246.0,458.0,328.0,112.0,35.0,22.0,22.0,64.0,61.0,19.0,0.0,18.0,46.0,42.0,37.0,133.0,5.0,192.0,66.0,165.0,9.0,50.0,20.0,12.0,73.0,35.0,46.0,43.0,34.0,118.0,152.0,45.0,29.0,3.0,65.0,29.0,56.0,78.0,19.0,36.0,37.0,22.0,57.0,25.0,15.0,2.0,1.0,10.0,0.0,0.0,45.0,36.0,3.0,4.0,8.0,130.0,80.0,169.0,263.0,133.0,282.0,274.0,163.0,176.0,89.0,890.0,89.0,265.0,116.0,181.0,1823.0,221.0,224.0,135.0,672.0,937.0,1099.0,288.0,2904.0,53.0,51.0,50.0,32.0,201.0,269.0,-35.254112243652344,-28.339580535888672,17.999189376831055
13,23.0,68.0,67.0,58.0,37.0,34.0,13.0,526.0,78.0,82.0,611.0,352.0,759.0,912.0,41.0,64.0,60.0,34.0,17.0,177.0,45.0,103.0,65.0,15.0,20.0,247.0,458.0,326.0,111.0,34.0,22.0,21.0,62.0,62.0,19.0,0.0,17.0,47.0,44.0,37.0,132.0,6.0,190.0,67.0,164.0,9.0,50.0,20.0,12.0,74.0,34.0,46.0,43.0,36.0,117.0,154.0,45.0,29.0,3.0,65.0,30.0,56.0,84.0,16.0,37.0,39.0,24.0,58.0,26.0,15.0,2.0,1.0,10.0,0.0,0.0,42.0,35.0,3.0,4.0,7.0,129.0,79.0,170.0,270.0,136.0,279.0,272.0,166.0,180.0,91.0,885.0,89.0,262.0,114.0,179.0,1818.0,219.0,227.0,137.0,674.0,935.0,1087.0,289.0,2874.0,53.0,53.0,51.0,33.0,202.0,266.0,-35.10138702392578,-27.91497802734375,17.710344314575195
14,22.0,64.0,68.0,57.0,36.0,33.0,13.0,525.0,79.0,82.0,612.0,352.0,764.0,917.0,43.0,63.0,60.0,35.0,21.0,178.0,45.0,105.0,65.0,15.0,20.0,242.0,459.0,330.0,113.0,35.0,22.0,21.0,64.0,61.0,19.0,0.0,17.0,48.0,45.0,37.0,136.0,5.0,192.0,63.0,163.0,9.0,49.0,21.0,12.0,74.0,35.0,47.0,44.0,35.0,118.0,151.0,44.0,29.0,3.0,64.0,28.0,55.0,78.0,19.0,38.0,37.0,23.0,56.0,26.0,15.0,2.0,1.0,10.0,0.0,1.0,44.0,37.0,3.0,4.0,8.0,127.0,77.0,170.0,267.0,133.0,280.0,273.0,164.0,178.0,90.0,886.0,89.0,266.0,115.0,181.0,1823.0,220.0,221.0,134.0,660.0,933.0,1092.0,283.0,2895.0,51.0,51.0,49.0,31.0,197.0,265.0,-37.029693603515625,-28.086164474487305,17.165388107299805
15,24.0,64.0,68.0,56.0,36.0,33.0,13.0,527.0,79.0,81.0,613.0,350.0,764.0,916.0,41.0,62.0,59.0,35.0,15.0,179.0,44.0,105.0,64.0,15.0,20.0,241.0,459.0,328.0,112.0,34.0,21.0,21.0,62.0,63.0,20.0,0.0,17.0,48.0,44.0,38.0,132.0,6.0,191.0,67.0,171.0,9.0,50.0,20.0,12.0,73.0,34.0,46.0,42.0,35.0,118.0,150.0,44.0,29.0,2.0,64.0,29.0,56.0,78.0,18.0,38.0,38.0,22.0,58.0,25.0,15.0,2.0,1.0,10.0,0.0,0.0,42.0,36.0,3.0,4.0,8.0,130.0,82.0,168.0,263.0,132.0,282.0,275.0,164.0,177.0,89.0,893.0,89.0,265.0,115.0,180.0,1832.0,220.0,223.0,134.0,666.0,931.0,1092.0,289.0,2891.0,53.0,52.0,50.0,32.0,201.0,267.0,-34.95322799682617,-27.945566177368164,17.57169532775879
16,27.0,63.0,69.0,56.0,36.0,33.0,13.0,528.0,80.0,80.0,616.0,347.0,767.0,922.0,42.0,64.0,59.0,35.0,14.0,181.0,44.0,106.0,62.0,15.0,20.0,245.0,459.0,330.0,112.0,34.0,22.0,21.0,63.0,66.0,20.0,1.0,18.0,51.0,47.0,38.0,131.0,6.0,192.0,68.0,176.0,9.0,50.0,20.0,12.0,73.0,35.0,47.0,41.0,34.0,117.0,148.0,43.0,29.0,2.0,65.0,29.0,58.0,82.0,21.0,38.0,38.0,23.0,57.0,27.0,15.0,2.0,0.0,10.0,0.0,0.0,43.0,35.0,3.0,4.0,8.0,128.0,78.0,170.0,265.0,132.0,280.0,274.0,165.0,179.0,89.0,892.0,89.0,265.0,115.0,182.0,1841.0,222.0,224.0,135.0,667.0,932.0,1093.0,286.0,2891.0,52.0,50.0,49.0,31.0,200.0,265.0,-35.570343017578125,-28.11592674255371,17.945419311523438
17,17.0,64.0,68.0,58.0,36.0,34.0,14.0,526.0,80.0,82.0,612.0,350.0,763.0,915.0,43.0,63.0,59.0,35.0,23.0,179.0,45.0,105.0,64.0,15.0,20.0,245.0,458.0,329.0,112.0,34.0,22.0,21.0,64.0,63.0,20.0,0.0,17.0,48.0,44.0,38.0,136.0,6.0,191.0,65.0,156.0,9.0,51.0,20.0,12.0,74.0,35.0,47.0,42.0,35.0,117.0,148.0,43.0,29.0,2.0,65.0,28.0,57.0,82.0,11.0,36.0,39.0,24.0,57.0,26.0,15.0,2.0,1.0,10.0,0.0,0.0,44.0,36.0,3.0,4.0,8.0,129.0,79.0,172.0,267.0,137.0,281.0,273.0,168.0,181.0,90.0,892.0,90.0,267.0,117.0,182.0,1824.0,219.0,226.0,138.0,668.0,929.0,1091.0,290.0,2882.0,54.0,51.0,50.0,32.0,202.0,267.0,-35.019874572753906,-27.98248291015625,17.860883712768555
18,20.0,66.0,68.0,56.0,36.0,33.0,13.0,529.0,80.0,80.0,612.0,345.0,768.0,917.0,42.0,63.0,59.0,34.0,21.0,181.0,44.0,105.0,62.0,15.0,20.0,243.0,462.0,333.0,112.0,34.0,21.0,20.0,61.0,64.0,19.0,0.0,16.0,49.0,45.0,38.0,134.0,5.0,191.0,63.0,158.0,9.0,50.0,20.0,12.0,74.0,35.0,47.0,43.0,35.0,118.0,150.0,43.0,28.0,2.0,64.0,28.0,57.0,81.0,11.0,35.0,39.0,23.0,58.0,26.0,15.0,2.0,0.0,10.0,1.0,0.0,44.0,36.0,3.0,4.0,7.0,129.0,79.0,170.0,265.0,134.0,282.0,274.0,164.0,178.0,89.0,892.0,89.0,265.0,115.0,181.0,1841.0,221.0,223.0,136.0,674.0,926.0,1086.0,286.0,2896.0,53.0,51.0,49.0,32.0,203.0,264.0,-35.521968841552734,-28.90066146850586,17.489891052246094
19,21.0,67.0,67.0,57.0,38.0,36.0,13.0,525.0,79.0,81.0,613.0,348.0,764.0,917.0,41.0,62.0,60.0,31.0,19.0,177.0,46.0,102.0,65.0,15.0,19.0,247.0,459.0,328.0,111.0,34.0,22.0,21.0,62.0,61.0,18.0,0.0,17.0,48.0,44.0,35.0,129.0,7.0,192.0,67.0,154.0,9.0,48.0,20.0,12.0,72.0,34.0,47.0,43.0,36.0,114.0,158.0,44.0,28.0,3.0,65.0,30.0,58.0,84.0,15.0,36.0,40.0,24.0,57.0,26.0,15.0,2.0,0.0,10.0,0.0,0.0,41.0,34.0,3.0,4.0,8.0,127.0,74.0,170.0,275.0,140.0,275.0,266.0,166.0,178.0,93.0,879.0,89.0,261.0,111.0,179.0,1826.0,217.0,226.0,139.0,676.0,929.0,1086.0,290.0,2852.0,55.0,55.0,53.0,34.0,204.0,265.0,-34.96260070800781,-28.5666561126709,18.062076568603516
20,17.0,67.0,67.0,56.0,36.0,34.0,13.0,528.0,78.0,81.0,614.0,352.0,765.0,916.0,40.0,62.0,58.0,33.0,25.0,174.0,45.0,102.0,63.0,15.0,19.0,248.0,452.0,324.0,111.0,34.0,22.0,21.0,60.0,59.0,19.0,1.0,16.0,47.0,42.0,37.0,132.0,7.0,190.0,62.0,151.0,9.0,49.0,20.0,12.0,73.0,34.0,46.0,45.0,35.0,116.0,155.0,45.0,28.0,1.0,65.0,27.0,55.0,80.0,13.0,37.0,39.0,23.0,57.0,26.0,15.0,1.0,0.0,10.0,0.0,0.0,43.0,36.0,3.0,4.0,7.0,126.0,76.0,166.0,266.0,135.0,278.0,272.0,159.0,172.0,88.0,883.0,88.0,262.0,113.0,181.0,1810.0,219.0,221.0,134.0,689.0,930.0,1092.0,295.0,2922.0,53.0,52.0,50.0,32.0,200.0,265.0,-37.26041793823242,-26.86558723449707,19.414196014404297
21,20.0,66.0,67.0,56.0,38.0,35.0,13.0,524.0,78.0,81.0,613.0,351.0,763.0,919.0,40.0,62.0,60.0,31.0,21.0,169.0,47.0,99.0,64.0,15.0,19.0,249.0,449.0,318.0,108.0,34.0,22.0,21.0,61.0,57.0,19.0,0.0,16.0,46.0,42.0,35.0,127.0,8.0,188.0,65.0,150.0,9.0,48.0,21.0,12.0,72.0,34.0,46.0,44.0,37.0,114.0,157.0,46.0,29.0,2.0,65.0,27.0,55.0,80.0,17.0,38.0,39.0,24.0,56.0,27.0,15.0,2.0,0.0,10.0,0.0,0.0,41.0,34.0,3.0,4.0,8.0,127.0,77.0,168.0,272.0,139.0,274.0,269.0,162.0,177.0,92.0,876.0,87.0,257.0,109.0,177.0,1799.0,214.0,226.0,136.0,692.0,935.0,1093.0,300.0,2893.0,55.0,55.0,54.0,33.0,199.0,268.0,-36.03022384643555,-26.706775665283203,18.74474334716797
22,14.0,72.0,69.0,58.0,40.0,37.0,13.0,526.0,77.0,83.0,616.0,352.0,764.0,922.0,41.0,63.0,61.0,30.0,22.0,169.0,47.0,97.0,64.0,14.0,20.0,248.0,448.0,318.0,111.0,34.0,21.0,21.0,60.0,58.0,18.0,0.0,16.0,48.0,44.0,35.0,129.0,10.0,187.0,67.0,145.0,9.0,49.0,21.0,12.0,73.0,33.0,48.0,47.0,38.0,113.0,160.0,45.0,28.0,2.0,64.0,27.0,57.0,84.0,15.0,41.0,41.0,25.0,57.0,27.0,15.0,2.0,0.0,10.0,0.0,0.0,40.0,34.0,2.0,4.0,7.0,125.0,77.0,166.0,276.0,142.0,273.0,265.0,162.0,177.0,92.0,870.0,88.0,256.0,108.0,175.0,1791.0,210.0,225.0,140.0,701.0,938.0,1101.0,309.0,2892.0,57.0,57.0,56.0,35.0,204.0,267.0,-36.98555374145508,-26.692012786865234,18.47304344177246
23,11.0,68.0,68.0,57.0,38.0,35.0,13.0,529.0,77.0,81.0,614.0,352.0,764.0,916.0,43.0,65.0,61.0,31.0,24.0,173.0,45.0,98.0,64.0,15.0,19.0,246.0,450.0,321.0,111.0,34.0,22.0,21.0,62.0,61.0,19.0,0.0,17.0,48.0,45.0,36.0,128.0,9.0,187.0,69.0,148.0,9.0,51.0,21.0,12.0,73.0,34.0,49.0,46.0,37.0,115.0,152.0,45.0,29.0,2.0,64.0,27.0,57.0,82.0,22.0,39.0,40.0,24.0,57.0,26.0,15.0,2.0,0.0,10.0,0.0,0.0,42.0,35.0,2.0,4.0,7.0,129.0,79.0,172.0,270.0,141.0,274.0,267.0,169.0,182.0,92.0,873.0,88.0,257.0,110.0,176.0,1796.0,213.0,228.0,140.0,697.0,943.0,1098.0,306.0,2901.0,55.0,54.0,53.0,34.0,201.0,266.0,-37.60988235473633,-28.80779266357422,19.681373596191406
24,8.0,80.0,81.0,56.0,32.0,31.0,13.0,534.0,81.0,82.0,627.0,356.0,777.0,926.0,53.0,74.0,65.0,32.0,19.0,171.0,48.0,100.0,65.0,15.0,19.0,245.0,455.0,312.0,108.0,33.0,20.0,19.0,55.0,66.0,19.0,0.0,17.0,51.0,48.0,36.0,138.0,4.0,175.0,77.0,157.0,10.0,54.0,20.0,12.0,70.0,32.0,58.0,49.0,32.0,106.0,142.0,38.0,27.0,2.0,63.0,28.0,61.0,86.0,28.0,39.0,43.0,28.0,58.0,28.0,15.0,1.0,0.0,10.0,0.0,0.0,42.0,35.0,3.0,4.0,7.0,125.0,72.0,191.0,280.0,135.0,262.0,257.0,188.0,202.0,98.0,841.0,90.0,248.0,108.0,177.0,1811.0,216.0,235.0,147.0,703.0,929.0,1076.0,283.0,2764.0,50.0,47.0,45.0,31.0,195.0,243.0,-37.797119140625,-29.624692916870117,19.691287994384766
25,14.0,104.0,93.0,54.0,26.0,24.0,11.0,536.0,83.0,87.0,636.0,371.0,791.0,934.0,53.0,77.0,67.0,37.0,12.0,169.0,48.0,101.0,70.0,15.0,19.0,246.0,446.0,295.0,106.0,33.0,20.0,19.0,53.0,68.0,19.0,2.0,18.0,51.0,49.0,34.0,132.0,2.0,156.0,83.0,184.0,11.0,57.0,21.0,12.0,71.0,30.0,63.0,46.0,26.0,97.0,141.0,33.0,27.0,5.0,66.0,31.0,63.0,84.0,44.0,38.0,45.0,31.0,59.0,31.0,16.0,2.0,0.0,10.0,0.0,0.0,37.0,30.0,3.0,4.0,7.0,113.0,62.0,204.0,284.0,116.0,244.0,240.0,201.0,210.0,99.0,800.0,88.0,237.0,107.0,179.0,1804.0,212.0,242.0,157.0,760.0,933.0,1076.0,258.0,2662.0,42.0,37.0,34.0,25.0,178.0,213.0,-37.701351165771484,-28.949146270751953,18.802539825439453
26,4.0,93.0,88.0,54.0,29.0,26.0,12.0,538.0,82.0,85.0,634.0,370.0,790.0,929.0,56.0,77.0,66.0,35.0,20.0,168.0,47.0,100.0,68.0,14.0,19.0,249.0,448.0,304.0,109.0,33.0,21.0,19.0,55.0,68.0,18.0,1.0,17.0,52.0,49.0,35.0,140.0,2.0,163.0,81.0,166.0,10.0,56.0,21.0,12.0,71.0,32.0,63.0,49.0,29.0,102.0,139.0,34.0,28.0,2.0,65.0,28.0,63.0,82.0,39.0,38.0,44.0,29.0,58.0,30.0,16.0,1.0,0.0,11.0,0.0,0.0,40.0,34.0,2.0,4.0,7.0,120.0,66.0,198.0,279.0,124.0,253.0,245.0,195.0,205.0,98.0,817.0,92.0,244.0,110.0,179.0,1790.0,216.0,238.0,153.0,726.0,937.0,1082.0,270.0,2709.0,46.0,41.0,39.0,27.0,185.0,226.0,-37.7515754699707,-28.837953567504883,18.925344467163086
27,10.0,81.0,81.0,54.0,31.0,29.0,12.0,536.0,81.0,83.0,630.0,357.0,781.0,931.0,53.0,74.0,64.0,33.0,17.0,174.0,48.0,100.0,67.0,15.0,18.0,248.0,458.0,316.0,111.0,34.0,21.0,19.0,57.0,69.0,18.0,1.0,17.0,52.0,50.0,35.0,137.0,3.0,172.0,78.0,167.0,10.0,52.0,21.0,13.0,72.0,33.0,60.0,47.0,31.0,106.0,145.0,38.0,28.0,2.0,64.0,29.0,61.0,82.0,30.0,38.0,44.0,29.0,59.0,30.0,16.0,1.0,0.0,11.0,0.0,0.0,40.0,34.0,2.0,4.0,7.0,124.0,69.0,189.0,279.0,127.0,260.0,254.0,186.0,197.0,95.0,836.0,90.0,246.0,109.0,177.0,1816.0,213.0,234.0,148.0,696.0,943.0,1090.0,273.0,2760.0,49.0,45.0,43.0,29.0,186.0,236.0,-37.17983627319336,-28.31911849975586,18.907604217529297
28,20.0,78.0,78.0,56.0,35.0,33.0,13.0,532.0,81.0,84.0,622.0,351.0,777.0,924.0,50.0,70.0,64.0,35.0,15.0,177.0,47.0,101.0,65.0,15.0,18.0,247.0,458.0,321.0,109.0,34.0,21.0,20.0,60.0,70.0,19.0,1.0,18.0,52.0,50.0,36.0,135.0,4.0,182.0,75.0,172.0,10.0,54.0,21.0,13.0,72.0,32.0,56.0,45.0,34.0,110.0,148.0,38.0,28.0,1.0,65.0,28.0,60.0,84.0,29.0,39.0,43.0,27.0,58.0,28.0,16.0,1.0,0.0,11.0,1.0,0.0,40.0,33.0,2.0,5.0,7.0,124.0,72.0,182.0,276.0,133.0,263.0,259.0,179.0,192.0,95.0,851.0,89.0,252.0,109.0,178.0,1814.0,210.0,230.0,145.0,669.0,937.0,1086.0,281.0,2781.0,52.0,50.0,48.0,32.0,197.0,250.0,-37.324729919433594,-27.760583877563477,18.774065017700195
29,22.0,78.0,75.0,57.0,35.0,33.0,13.0,528.0,81.0,83.0,620.0,353.0,774.0,917.0,49.0,70.0,64.0,34.0,15.0,178.0,47.0,103.0,65.0,15.0,19.0,244.0,458.0,322.0,111.0,34.0,22.0,20.0,59.0,68.0,19.0,1.0,17.0,53.0,50.0,37.0,138.0,3.0,184.0,73.0,170.0,10.0,52.0,21.0,13.0,72.0,33.0,54.0,45.0,33.0,109.0,151.0,39.0,28.0,1.0,64.0,29.0,61.0,85.0,22.0,39.0,43.0,28.0,58.0,29.0,15.0,1.0,0.0,11.0,1.0,0.0,41.0,34.0,2.0,4.0,7.0,123.0,68.0,182.0,281.0,135.0,268.0,261.0,177.0,191.0,96.0,856.0,90.0,255.0,111.0,179.0,1809.0,214.0,231.0,144.0,677.0,937.0,1085.0,277.0,2792.0,52.0,51.0,48.0,32.0,197.0,251.0,-37.92799758911133,-27.92828941345215,19.573904037475586
30,24.0,72.0,73.0,56.0,36.0,33.0,13.0,532.0,78.0,81.0,621.0,345.0,776.0,926.0,45.0,66.0,61.0,34.0,11.0,175.0,46.0,100.0,63.0,15.0,18.0,241.0,462.0,323.0,111.0,34.0,22.0,21.0,62.0,64.0,19.0,1.0,17.0,50.0,47.0,36.0,134.0,2.0,182.0,69.0,173.0,10.0,51.0,21.0,12.0,72.0,34.0,51.0,43.0,34.0,112.0,153.0,40.0,29.0,0.0,64.0,28.0,58.0,81.0,21.0,38.0,42.0,26.0,59.0,28.0,16.0,1.0,0.0,11.0,1.0,0.0,40.0,33.0,2.0,4.0,7.0,125.0,74.0,176.0,274.0,132.0,266.0,261.0,174.0,186.0,92.0,857.0,89.0,252.0,111.0,177.0,1823.0,210.0,229.0,144.0,670.0,945.0,1098.0,281.0,2813.0,53.0,50.0,49.0,31.0,193.0,255.0,-36.0318603515625,-27.6240291595459,18.59805679321289
31,29.0,73.0,71.0,56.0,36.0,33.0,13.0,530.0,78.0,82.0,623.0,347.0,780.0,928.0,44.0,65.0,61.0,35.0,10.0,177.0,46.0,100.0,64.0,16.0,18.0,238.0,463.0,323.0,109.0,34.0,21.0,20.0,60.0,67.0,19.0,0.0,17.0,52.0,49.0,36.0,131.0,4.0,182.0,72.0,176.0,10.0,52.0,20.0,12.0,71.0,33.0,50.0,42.0,35.0,112.0,153.0,41.0,28.0,1.0,64.0,29.0,57.0,83.0,24.0,37.0,42.0,26.0,59.0,27.0,15.0,1.0,0.0,10.0,0.0,0.0,41.0,33.0,2.0,4.0,7.0,125.0,76.0,173.0,272.0,131.0,266.0,260.0,171.0,183.0,92.0,860.0,88.0,253.0,109.0,176.0,1838.0,211.0,228.0,141.0,679.0,942.0,1099.0,280.0,2827.0,53.0,52.0,50.0,31.0,194.0,258.0,-34.85871505737305,-26.89021110534668,18.135879516601562
32,27.0,72.0,71.0,55.0,37.0,34.0,13.0,529.0,80.0,82.0,622.0,343.0,779.0,930.0,44.0,64.0,62.0,34.0,9.0,176.0,45.0,101.0,63.0,15.0,19.0,240.0,461.0,324.0,109.0,33.0,21.0,20.0,60.0,66.0,19.0,0.0,17.0,50.0,48.0,36.0,131.0,4.0,184.0,70.0,175.0,10.0,52.0,20.0,12.0,72.0,32.0,49.0,42.0,35.0,112.0,154.0,41.0,28.0,3.0,64.0,29.0,59.0,84.0,19.0,38.0,42.0,26.0,58.0,27.0,15.0,2.0,0.0,10.0,0.0,0.0,40.0,32.0,2.0,4.0,7.0,125.0,74.0,175.0,275.0,134.0,269.0,260.0,172.0,185.0,92.0,862.0,89.0,255.0,110.0,175.0,1842.0,212.0,230.0,143.0,683.0,943.0,1097.0,284.0,2819.0,53.0,52.0,50.0,32.0,194.0,257.0,-36.42890930175781,-27.609844207763672,18.998872756958008
33,30.0,69.0,71.0,57.0,36.0,33.0,13.0,534.0,79.0,81.0,622.0,343.0,784.0,935.0,43.0,65.0,60.0,35.0,9.0,179.0,45.0,102.0,63.0,15.0,18.0,238.0,466.0,328.0,110.0,34.0,22.0,20.0,61.0,69.0,19.0,1.0,17.0,52.0,49.0,36.0,133.0,4.0,186.0,71.0,182.0,9.0,49.0,20.0,12.0,72.0,33.0,48.0,41.0,34.0,114.0,154.0,42.0,28.0,1.0,64.0,29.0,58.0,82.0,22.0,39.0,40.0,25.0,57.0,28.0,15.0,1.0,0.0,10.0,0.0,0.0,41.0,34.0,2.0,4.0,7.0,128.0,76.0,172.0,271.0,130.0,271.0,264.0,170.0,181.0,91.0,866.0,88.0,256.0,111.0,177.0,1852.0,212.0,228.0,140.0,672.0,947.0,1099.0,279.0,2837.0,52.0,51.0,49.0,31.0,194.0,257.0,-35.833778381347656,-26.672435760498047,18.868005752563477
34,31.0,68.0,70.0,54.0,36.0,34.0,12.0,532.0,78.0,81.0,628.0,347.0,786.0,939.0,43.0,64.0,60.0,34.0,10.0,179.0,45.0,101.0,64.0,15.0,19.0,239.0,465.0,328.0,109.0,33.0,21.0,20.0,60.0,69.0,19.0,1.0,17.0,52.0,50.0,36.0,132.0,4.0,190.0,70.0,181.0,9.0,49.0,20.0,12.0,71.0,33.0,48.0,41.0,35.0,115.0,154.0,42.0,28.0,2.0,64.0,30.0,59.0,84.0,19.0,37.0,40.0,24.0,57.0,25.0,15.0,1.0,0.0,10.0,0.0,0.0,41.0,34.0,2.0,4.0,7.0,128.0,78.0,172.0,270.0,131.0,272.0,265.0,170.0,182.0,90.0,867.0,87.0,256.0,110.0,174.0,1844.0,210.0,227.0,141.0,669.0,947.0,1105.0,280.0,2849.0,53.0,51.0,50.0,31.0,195.0,260.0,-35.50654220581055,-26.58709144592285,17.691768646240234
35,29.0,67.0,69.0,57.0,37.0,35.0,13.0,531.0,78.0,81.0,623.0,347.0,781.0,934.0,43.0,63.0,61.0,35.0,11.0,179.0,46.0,100.0,64.0,16.0,18.0,239.0,466.0,327.0,110.0,34.0,21.0,20.0,60.0,68.0,19.0,1.0,17.0,50.0,48.0,36.0,128.0,6.0,189.0,70.0,179.0,9.0,48.0,21.0,12.0,72.0,33.0,48.0,41.0,36.0,114.0,160.0,43.0,28.0,2.0,64.0,30.0,58.0,84.0,21.0,37.0,41.0,25.0,57.0,26.0,15.0,1.0,0.0,10.0,0.0,0.0,40.0,33.0,2.0,4.0,7.0,129.0,79.0,171.0,275.0,134.0,270.0,265.0,170.0,183.0,93.0,869.0,88.0,256.0,110.0,175.0,1847.0,211.0,228.0,141.0,670.0,947.0,1106.0,288.0,2847.0,54.0,54.0,52.0,33.0,198.0,263.0,-35.64535903930664,-25.970502853393555,18.077526092529297
36,33.0,67.0,70.0,56.0,36.0,33.0,13.0,529.0,79.0,82.0,620.0,347.0,779.0,932.0,43.0,64.0,61.0,36.0,11.0,179.0,46.0,102.0,64.0,16.0,18.0,238.0,460.0,327.0,110.0,34.0,21.0,21.0,62.0,67.0,19.0,1.0,17.0,51.0,49.0,36.0,135.0,4.0,187.0,72.0,183.0,9.0,49.0,21.0,12.0,72.0,33.0,48.0,42.0,34.0,116.0,156.0,43.0,28.0,2.0,64.0,30.0,57.0,83.0,24.0,37.0,40.0,24.0,58.0,26.0,15.0,1.0,0.0,10.0,1.0,0.0,42.0,35.0,3.0,4.0,7.0,129.0,78.0,174.0,273.0,132.0,276.0,271.0,170.0,183.0,91.0,877.0,89.0,260.0,112.0,178.0,1852.0,215.0,229.0,139.0,669.0,943.0,1097.0,276.0,2851.0,52.0,51.0,50.0,32.0,199.0,261.0,-35.60911560058594,-25.941389083862305,17.38811492919922
37,35.0,67.0,70.0,56.0,35.0,33.0,13.0,527.0,79.0,82.0,620.0,344.0,777.0,930.0,42.0,64.0,58.0,38.0,8.0,179.0,46.0,102.0,63.0,15.0,19.0,239.0,460.0,326.0,110.0,34.0,21.0,21.0,61.0,67.0,19.0,1.0,17.0,50.0,49.0,37.0,131.0,4.0,188.0,69.0,189.0,9.0,50.0,20.0,12.0,71.0,33.0,47.0,39.0,33.0,114.0,147.0,41.0,29.0,1.0,66.0,29.0,57.0,82.0,21.0,38.0,39.0,24.0,57.0,26.0,15.0,1.0,0.0,10.0,0.0,0.0,41.0,33.0,3.0,4.0,8.0,127.0,76.0,173.0,266.0,129.0,278.0,271.0,168.0,181.0,89.0,879.0,89.0,260.0,112.0,178.0,1852.0,213.0,229.0,137.0,665.0,940.0,1098.0,274.0,2862.0,51.0,50.0,48.0,31.0,197.0,259.0,-35.57270050048828,-26.004911422729492,17.465585708618164
38,36.0,67.0,69.0,56.0,35.0,33.0,13.0,523.0,79.0,82.0,619.0,345.0,776.0,928.0,42.0,63.0,57.0,37.0,7.0,179.0,45.0,102.0,65.0,15.0,20.0,238.0,460.0,326.0,109.0,34.0,21.0,20.0,60.0,67.0,19.0,1.0,17.0,49.0,47.0,37.0,130.0,4.0,191.0,69.0,189.0,9.0,49.0,20.0,12.0,71.0,33.0,47.0,38.0,34.0,114.0,143.0,39.0,29.0,2.0,66.0,28.0,54.0,80.0,18.0,41.0,40.0,25.0,58.0,26.0,15.0,1.0,0.0,10.0,0.0,0.0,41.0,33.0,3.0,5.0,8.0,129.0,76.0,173.0,263.0,132.0,279.0,270.0,168.0,180.0,89.0,883.0,90.0,259.0,113.0,177.0,1856.0,215.0,229.0,136.0,664.0,933.0,1091.0,276.0,2850.0,52.0,51.0,50.0,32.0,203.0,264.0,-35.76820373535156,-25.8238525390625,17.38861846923828
39,37.0,69.0,69.0,56.0,36.0,34.0,13.0,524.0,80.0,82.0,618.0,343.0,775.0,926.0,41.0,62.0,57.0,38.0,7.0,179.0,46.0,103.0,64.0,15.0,20.0,238.0,462.0,328.0,109.0,34.0,22.0,21.0,61.0,69.0,20.0,1.0,18.0,49.0,48.0,37.0,129.0,4.0,191.0,69.0,188.0,10.0,51.0,20.0,12.0,71.0,32.0,47.0,37.0,35.0,115.0,140.0,39.0,29.0,2.0,66.0,27.0,54.0,78.0,17.0,40.0,40.0,25.0,57.0,26.0,15.0,1.0,0.0,10.0,1.0,0.0,41.0,32.0,2.0,5.0,8.0,126.0,76.0,171.0,263.0,135.0,280.0,270.0,167.0,178.0,88.0,888.0,90.0,262.0,113.0,178.0,1862.0,216.0,228.0,136.0,659.0,929.0,1088.0,281.0,2848.0,53.0,53.0,51.0,33.0,206.0,264.0,-35.877967834472656,-25.85552215576172,17.375137329101562
40,34.0,69.0,68.0,55.0,36.0,33.0,13.0,527.0,79.0,82.0,616.0,343.0,771.0,925.0,41.0,63.0,57.0,37.0,8.0,180.0,46.0,102.0,64.0,15.0,20.0,239.0,465.0,330.0,110.0,34.0,21.0,21.0,62.0,68.0,20.0,1.0,18.0,49.0,48.0,36.0,129.0,4.0,188.0,69.0,185.0,9.0,50.0,20.0,12.0,71.0,33.0,46.0,37.0,35.0,117.0,138.0,40.0,29.0,2.0,65.0,28.0,55.0,80.0,15.0,40.0,40.0,25.0,58.0,26.0,15.0,1.0,0.0,10.0,0.0,0.0,39.0,32.0,3.0,5.0,8.0,126.0,79.0,168.0,259.0,135.0,279.0,272.0,166.0,177.0,86.0,886.0,89.0,262.0,113.0,178.0,1859.0,215.0,227.0,136.0,660.0,934.0,1093.0,281.0,2860.0,53.0,53.0,51.0,33.0,205.0,265.0,-36.199100494384766,-26.50328826904297,18.41785430908203
41,30.0,68.0,68.0,55.0,38.0,35.0,13.0,531.0,78.0,81.0,619.0,342.0,778.0,928.0,41.0,63.0,56.0,35.0,9.0,179.0,45.0,101.0,64.0,16.0,19.0,238.0,464.0,329.0,110.0,34.0,21.0,21.0,61.0,67.0,20.0,0.0,17.0,48.0,47.0,37.0,129.0,8.0,194.0,66.0,179.0,9.0,51.0,20.0,12.0,72.0,33.0,47.0,37.0,36.0,117.0,139.0,41.0,29.0,2.0,65.0,26.0,54.0,75.0,13.0,41.0,40.0,24.0,58.0,26.0,15.0,2.0,0.0,10.0,0.0,0.0,40.0,33.0,2.0,5.0,8.0,128.0,80.0,166.0,258.0,137.0,278.0,273.0,165.0,177.0,87.0,891.0,90.0,264.0,113.0,175.0,1864.0,217.0,227.0,136.0,659.0,930.0,1090.0,286.0,2877.0,55.0,54.0,52.0,34.0,209.0,268.0,-36.51041793823242,-26.23223304748535,18.451244354248047
42,29.0,67.0,66.0,56.0,39.0,36.0,13.0,531.0,78.0,81.0,618.0,342.0,780.0,932.0,40.0,61.0,55.0,34.0,10.0,182.0,45.0,101.0,63.0,16.0,19.0,241.0,467.0,333.0,109.0,34.0,22.0,22.0,63.0,67.0,20.0,1.0,17.0,49.0,47.0,36.0,127.0,8.0,195.0,65.0,173.0,9.0,51.0,20.0,12.0,72.0,33.0,46.0,37.0,37.0,119.0,138.0,40.0,29.0,2.0,65.0,26.0,55.0,78.0,12.0,41.0,40.0,24.0,58.0,27.0,15.0,2.0,0.0,10.0,0.0,0.0,40.0,33.0,2.0,5.0,8.0,128.0,79.0,165.0,257.0,139.0,279.0,272.0,163.0,175.0,87.0,895.0,90.0,265.0,113.0,177.0,1865.0,216.0,228.0,135.0,659.0,936.0,1100.0,291.0,2896.0,55.0,55.0,54.0,34.0,207.0,275.0,-36.082889556884766,-25.862031936645508,18.298675537109375
43,10.0,60.0,63.0,57.0,44.0,41.0,13.0,547.0,81.0,77.0,617.0,347.0,775.0,939.0,43.0,61.0,56.0,26.0,13.0,176.0,43.0,99.0,63.0,14.0,17.0,250.0,474.0,337.0,113.0,32.0,21.0,21.0,65.0,64.0,17.0,1.0,15.0,52.0,48.0,33.0,118.0,16.0,195.0,65.0,144.0,8.0,49.0,20.0,13.0,75.0,37.0,51.0,43.0,44.0,115.0,146.0,41.0,28.0,5.0,60.0,28.0,61.0,84.0,8.0,39.0,43.0,26.0,59.0,30.0,15.0,3.0,2.0,11.0,1.0,1.0,38.0,31.0,3.0,4.0,7.0,122.0,68.0,160.0,268.0,153.0,269.0,259.0,160.0,171.0,90.0,889.0,92.0,262.0,111.0,172.0,1830.0,217.0,226.0,138.0,644.0,958.0,1122.0,318.0,2905.0,63.0,64.0,64.0,39.0,209.0,280.0,-35.37363815307617,-25.761554718017578,17.68515396118164
44,15.0,55.0,63.0,57.0,43.0,41.0,13.0,552.0,81.0,77.0,625.0,347.0,779.0,952.0,43.0,61.0,55.0,28.0,7.0,177.0,42.0,102.0,64.0,14.0,16.0,248.0,475.0,338.0,114.0,33.0,21.0,21.0,64.0,63.0,17.0,1.0,16.0,53.0,49.0,33.0,115.0,16.0,196.0,63.0,159.0,8.0,47.0,19.0,12.0,73.0,39.0,50.0,42.0,42.0,115.0,145.0,40.0,28.0,6.0,60.0,29.0,63.0,84.0,13.0,39.0,41.0,25.0,59.0,29.0,14.0,3.0,2.0,10.0,1.0,1.0,38.0,31.0,3.0,4.0,7.0,123.0,64.0,160.0,266.0,149.0,268.0,262.0,157.0,170.0,89.0,893.0,89.0,262.0,111.0,174.0,1852.0,218.0,222.0,133.0,619.0,971.0,1132.0,310.0,2947.0,59.0,62.0,63.0,37.0,205.0,282.0,-35.3980827331543,-25.28643226623535,17.531585693359375
45,10.0,58.0,66.0,58.0,43.0,40.0,14.0,553.0,82.0,77.0,624.0,351.0,783.0,956.0,45.0,63.0,56.0,30.0,7.0,176.0,43.0,101.0,64.0,15.0,16.0,251.0,475.0,335.0,116.0,33.0,22.0,22.0,66.0,61.0,18.0,1.0,16.0,51.0,47.0,33.0,118.0,15.0,196.0,65.0,164.0,8.0,50.0,20.0,13.0,75.0,39.0,53.0,43.0,42.0,115.0,141.0,38.0,29.0,5.0,62.0,27.0,59.0,81.0,15.0,40.0,42.0,25.0,59.0,30.0,15.0,3.0,2.0,10.0,1.0,2.0,38.0,32.0,3.0,4.0,7.0,118.0,62.0,159.0,264.0,150.0,269.0,261.0,159.0,170.0,88.0,890.0,91.0,263.0,111.0,174.0,1853.0,220.0,225.0,134.0,626.0,975.0,1137.0,309.0,2933.0,59.0,62.0,62.0,38.0,208.0,281.0,-34.747215270996094,-24.738859176635742,16.883840560913086
46,2.0,63.0,69.0,56.0,42.0,39.0,14.0,558.0,83.0,77.0,627.0,360.0,782.0,949.0,46.0,63.0,57.0,29.0,9.0,181.0,42.0,105.0,65.0,14.0,17.0,254.0,483.0,339.0,118.0,32.0,21.0,20.0,63.0,62.0,17.0,1.0,16.0,53.0,48.0,34.0,118.0,15.0,193.0,61.0,154.0,8.0,49.0,19.0,12.0,76.0,38.0,55.0,43.0,42.0,116.0,139.0,39.0,28.0,7.0,60.0,29.0,63.0,87.0,2.0,42.0,42.0,25.0,60.0,29.0,14.0,3.0,2.0,10.0,2.0,2.0,39.0,32.0,3.0,4.0,7.0,118.0,65.0,160.0,262.0,146.0,269.0,262.0,160.0,170.0,89.0,895.0,91.0,266.0,114.0,176.0,1858.0,223.0,222.0,133.0,624.0,986.0,1147.0,315.0,2934.0,59.0,61.0,61.0,37.0,208.0,279.0,-36.14069366455078,-25.340255737304688,17.34811782836914
47,3.0,64.0,68.0,57.0,42.0,39.0,14.0,558.0,82.0,78.0,626.0,370.0,780.0,948.0,45.0,65.0,57.0,29.0,6.0,180.0,43.0,105.0,67.0,14.0,18.0,263.0,484.0,343.0,118.0,32.0,20.0,19.0,62.0,59.0,16.0,0.0,16.0,51.0,47.0,32.0,114.0,16.0,193.0,63.0,156.0,8.0,50.0,18.0,12.0,74.0,36.0,54.0,41.0,41.0,115.0,139.0,39.0,27.0,8.0,61.0,34.0,66.0,90.0,4.0,39.0,41.0,25.0,59.0,28.0,14.0,4.0,3.0,10.0,2.0,2.0,37.0,30.0,3.0,4.0,7.0,117.0,64.0,161.0,265.0,146.0,273.0,266.0,161.0,172.0,89.0,898.0,93.0,267.0,117.0,181.0,1862.0,229.0,224.0,133.0,623.0,997.0,1156.0,311.0,2941.0,58.0,60.0,60.0,37.0,209.0,277.0,-37.48847579956055,-27.5740966796875,18.482582092285156
48,4.0,64.0,70.0,58.0,42.0,39.0,14.0,560.0,84.0,82.0,628.0,380.0,781.0,940.0,45.0,66.0,58.0,29.0,3.0,186.0,43.0,107.0,70.0,15.0,18.0,275.0,494.0,350.0,122.0,32.0,20.0,20.0,64.0,61.0,17.0,1.0,17.0,53.0,48.0,34.0,108.0,18.0,193.0,64.0,163.0,8.0,49.0,19.0,12.0,76.0,36.0,54.0,41.0,41.0,113.0,141.0,41.0,28.0,10.0,63.0,37.0,70.0,97.0,1.0,39.0,41.0,24.0,58.0,27.0,14.0,4.0,4.0,10.0,3.0,3.0,36.0,29.0,4.0,4.0,8.0,118.0,63.0,161.0,266.0,145.0,270.0,265.0,161.0,170.0,89.0,901.0,94.0,267.0,118.0,184.0,1859.0,231.0,222.0,132.0,621.0,1007.0,1165.0,306.0,2943.0,57.0,60.0,59.0,37.0,208.0,273.0,-37.24570846557617,-28.31111717224121,18.946754455566406
49,8.0,60.0,70.0,57.0,41.0,38.0,14.0,558.0,85.0,91.0,635.0,396.0,779.0,939.0,45.0,66.0,58.0,30.0,6.0,186.0,46.0,108.0,76.0,16.0,19.0,286.0,488.0,348.0,122.0,34.0,21.0,20.0,63.0,60.0,18.0,3.0,18.0,52.0,48.0,35.0,104.0,18.0,191.0,62.0,163.0,8.0,51.0,19.0,12.0,75.0,35.0,53.0,39.0,40.0,113.0,141.0,40.0,29.0,15.0,67.0,40.0,69.0,99.0,1.0,36.0,40.0,24.0,57.0,27.0,14.0,6.0,6.0,10.0,4.0,4.0,35.0,28.0,5.0,4.0,8.0,116.0,63.0,160.0,268.0,145.0,274.0,268.0,159.0,169.0,87.0,909.0,94.0,271.0,119.0,193.0,1866.0,232.0,219.0,130.0,606.0,1003.0,1163.0,308.0,2967.0,56.0,59.0,59.0,37.0,206.0,275.0,-37.03240203857422,-28.67959976196289,18.545146942138672
50,17.0,59.0,68.0,57.0,41.0,38.0,14.0,558.0,85.0,95.0,639.0,406.0,779.0,933.0,43.0,65.0,57.0,31.0,4.0,187.0,48.0,107.0,79.0,17.0,20.0,288.0,489.0,349.0,119.0,34.0,20.0,20.0,62.0,63.0,18.0,3.0,19.0,51.0,49.0,36.0,95.0,20.0,192.0,63.0,168.0,8.0,51.0,19.0,12.0,74.0,34.0,51.0,36.0,40.0,112.0,140.0,41.0,29.0,16.0,70.0,41.0,67.0,95.0,5.0,37.0,39.0,23.0,56.0,26.0,14.0,7.0,6.0,9.0,4.0,4.0,33.0,25.0,6.0,4.0,9.0,116.0,63.0,159.0,266.0,143.0,277.0,270.0,158.0,168.0,87.0,917.0,94.0,271.0,119.0,194.0,1870.0,235.0,216.0,128.0,608.0,994.0,1160.0,303.0,2988.0,55.0,58.0,58.0,37.0,210.0,276.0,-36.54229736328125,-26.824411392211914,18.83061981201172
51,20.0,53.0,66.0,57.0,40.0,38.0,13.0,566.0,83.0,93.0,646.0,405.0,785.0,934.0,43.0,62.0,57.0,31.0,1.0,194.0,47.0,106.0,76.0,17.0,20.0,290.0,497.0,363.0,121.0,33.0,20.0,19.0,61.0,72.0,19.0,3.0,19.0,61.0,58.0,39.0,89.0,25.0,192.0,67.0,179.0,8.0,51.0,18.0,11.0,72.0,35.0,50.0,38.0,40.0,112.0,148.0,42.0,27.0,16.0,66.0,45.0,77.0,108.0,14.0,34.0,38.0,21.0,56.0,24.0,14.0,7.0,6.0,9.0,4.0,4.0,32.0,25.0,6.0,4.0,8.0,115.0,59.0,155.0,268.0,142.0,277.0,273.0,152.0,162.0,87.0,916.0,94.0,272.0,119.0,195.0,1870.0,233.0,211.0,124.0,605.0,983.0,1156.0,300.0,3005.0,55.0,58.0,58.0,35.0,204.0,278.0,-36.44394302368164,-27.65599250793457,19.275815963745117
52,38.0,51.0,66.0,55.0,33.0,31.0,13.0,557.0,84.0,97.0,648.0,395.0,794.0,930.0,41.0,63.0,58.0,39.0,8.0,204.0,47.0,112.0,75.0,17.0,22.0,284.0,496.0,367.0,123.0,34.0,20.0,19.0,61.0,82.0,22.0,4.0,20.0,65.0,63.0,46.0,85.0,20.0,188.0,73.0,220.0,9.0,53.0,19.0,11.0,74.0,33.0,45.0,30.0,32.0,112.0,138.0,42.0,28.0,17.0,69.0,44.0,74.0,106.0,28.0,38.0,38.0,19.0,57.0,19.0,14.0,7.0,6.0,9.0,3.0,4.0,30.0,24.0,6.0,5.0,10.0,120.0,70.0,166.0,260.0,128.0,291.0,286.0,163.0,174.0,83.0,935.0,95.0,276.0,125.0,202.0,1911.0,232.0,219.0,123.0,636.0,963.0,1139.0,270.0,2999.0,47.0,47.0,46.0,30.0,204.0,264.0,-35.50689697265625,-25.95549964904785,18.17969512939453
53,40.0,63.0,75.0,55.0,31.0,29.0,13.0,556.0,85.0,99.0,652.0,399.0,800.0,924.0,46.0,69.0,60.0,41.0,13.0,205.0,48.0,112.0,75.0,18.0,23.0,283.0,498.0,359.0,123.0,34.0,20.0,19.0,63.0,84.0,23.0,3.0,22.0,63.0,61.0,48.0,98.0,14.0,185.0,83.0,232.0,10.0,57.0,20.0,11.0,76.0,32.0,50.0,32.0,30.0,111.0,132.0,38.0,28.0,16.0,71.0,43.0,74.0,108.0,39.0,42.0,38.0,22.0,56.0,21.0,14.0,7.0,6.0,9.0,3.0,4.0,33.0,27.0,4.0,5.0,10.0,120.0,72.0,173.0,260.0,122.0,289.0,283.0,172.0,181.0,84.0,924.0,96.0,271.0,125.0,199.0,1912.0,231.0,226.0,128.0,652.0,959.0,1124.0,261.0,2941.0,45.0,44.0,42.0,29.0,201.0,254.0,-36.07946014404297,-26.66736602783203,17.781293869018555
54,44.0,67.0,77.0,55.0,31.0,29.0,13.0,562.0,82.0,94.0,661.0,383.0,814.0,946.0,48.0,72.0,60.0,41.0,25.0,201.0,45.0,108.0,71.0,18.0,22.0,264.0,504.0,359.0,120.0,33.0,19.0,18.0,59.0,78.0,23.0,3.0,22.0,59.0,57.0,45.0,103.0,14.0,181.0,81.0,244.0,10.0,58.0,19.0,11.0,73.0,30.0,51.0,34.0,30.0,112.0,136.0,39.0,28.0,14.0,66.0,42.0,70.0,105.0,39.0,42.0,38.0,21.0,57.0,22.0,14.0,6.0,5.0,9.0,3.0,3.0,36.0,30.0,5.0,5.0,9.0,122.0,72.0,175.0,263.0,119.0,284.0,280.0,175.0,183.0,86.0,910.0,95.0,265.0,121.0,191.0,1962.0,224.0,229.0,128.0,666.0,955.0,1109.0,260.0,2938.0,44.0,44.0,43.0,28.0,203.0,256.0,-34.71525573730469,-26.573974609375,18.16668701171875
55,44.0,67.0,77.0,55.0,31.0,29.0,13.0,562.0,82.0,95.0,658.0,391.0,805.0,935.0,49.0,71.0,60.0,41.0,18.0,199.0,46.0,110.0,73.0,18.0,23.0,267.0,503.0,355.0,121.0,34.0,20.0,19.0,61.0,75.0,23.0,3.0,22.0,57.0,54.0,46.0,104.0,14.0,181.0,77.0,234.0,10.0,58.0,19.0,11.0,74.0,31.0,52.0,36.0,30.0,109.0,135.0,38.0,29.0,15.0,68.0,40.0,70.0,100.0,42.0,42.0,38.0,21.0,58.0,22.0,14.0,7.0,6.0,9.0,3.0,4.0,36.0,30.0,5.0,5.0,9.0,121.0,69.0,178.0,265.0,121.0,284.0,281.0,177.0,185.0,87.0,912.0,94.0,268.0,123.0,196.0,1946.0,229.0,228.0,129.0,653.0,949.0,1108.0,261.0,2954.0,44.0,44.0,42.0,28.0,202.0,254.0,-35.82633972167969,-26.080364227294922,17.478174209594727
56,42.0,66.0,80.0,56.0,30.0,28.0,13.0,566.0,84.0,97.0,658.0,399.0,803.0,940.0,52.0,75.0,62.0,41.0,23.0,202.0,48.0,109.0,78.0,18.0,23.0,273.0,511.0,365.0,124.0,35.0,20.0,20.0,62.0,73.0,22.0,3.0,23.0,55.0,53.0,43.0,105.0,14.0,183.0,80.0,243.0,10.0,56.0,20.0,12.0,75.0,34.0,54.0,37.0,30.0,110.0,134.0,40.0,29.0,16.0,70.0,42.0,69.0,98.0,45.0,40.0,38.0,22.0,58.0,25.0,15.0,7.0,6.0,10.0,3.0,4.0,37.0,31.0,6.0,5.0,10.0,119.0,66.0,180.0,269.0,123.0,285.0,280.0,181.0,188.0,89.0,917.0,97.0,270.0,123.0,196.0,1955.0,233.0,231.0,130.0,660.0,947.0,1111.0,260.0,2953.0,44.0,44.0,42.0,29.0,205.0,254.0,-36.716148376464844,-26.662385940551758,17.515411376953125
57,47.0,68.0,80.0,58.0,30.0,28.0,13.0,578.0,87.0,99.0,667.0,410.0,809.0,947.0,52.0,75.0,62.0,43.0,21.0,199.0,48.0,113.0,80.0,18.0,23.0,284.0,522.0,367.0,130.0,37.0,23.0,22.0,68.0,69.0,22.0,3.0,23.0,54.0,50.0,44.0,113.0,12.0,183.0,83.0,243.0,10.0,58.0,22.0,12.0,79.0,37.0,55.0,41.0,30.0,110.0,139.0,39.0,31.0,17.0,72.0,39.0,71.0,94.0,63.0,39.0,40.0,24.0,59.0,28.0,16.0,7.0,6.0,10.0,4.0,4.0,38.0,32.0,7.0,5.0,10.0,116.0,64.0,181.0,274.0,120.0,284.0,276.0,181.0,190.0,91.0,919.0,98.0,269.0,125.0,199.0,1950.0,241.0,234.0,132.0,665.0,945.0,1113.0,261.0,2971.0,44.0,44.0,42.0,28.0,200.0,256.0,-34.78786087036133,-24.866466522216797,16.160303115844727
58,50.0,77.0,85.0,59.0,31.0,28.0,13.0,593.0,89.0,105.0,688.0,433.0,822.0,956.0,58.0,77.0,66.0,46.0,14.0,202.0,50.0,113.0,85.0,20.0,23.0,285.0,530.0,365.0,137.0,40.0,25.0,24.0,74.0,73.0,25.0,4.0,26.0,55.0,50.0,49.0,124.0,11.0,186.0,87.0,246.0,12.0,65.0,23.0,14.0,82.0,41.0,59.0,45.0,30.0,114.0,135.0,39.0,34.0,18.0,75.0,34.0,67.0,86.0,84.0,41.0,41.0,25.0,60.0,30.0,17.0,8.0,7.0,12.0,4.0,5.0,40.0,35.0,5.0,6.0,10.0,118.0,62.0,188.0,273.0,126.0,281.0,276.0,190.0,199.0,93.0,921.0,99.0,272.0,125.0,198.0,1915.0,239.0,239.0,138.0,673.0,940.0,1099.0,267.0,2980.0,43.0,43.0,41.0,29.0,207.0,257.0,-36.077117919921875,-23.0910701751709,15.467243194580078
59,49.0,80.0,88.0,62.0,30.0,28.0,14.0,612.0,91.0,103.0,688.0,445.0,819.0,964.0,63.0,79.0,67.0,48.0,13.0,204.0,50.0,116.0,89.0,20.0,22.0,297.0,540.0,375.0,144.0,42.0,27.0,26.0,80.0,73.0,24.0,3.0,27.0,55.0,49.0,49.0,138.0,9.0,184.0,95.0,257.0,13.0,68.0,24.0,15.0,86.0,46.0,65.0,50.0,30.0,113.0,134.0,39.0,36.0,17.0,77.0,33.0,68.0,80.0,111.0,43.0,43.0,27.0,63.0,33.0,18.0,8.0,6.0,13.0,4.0,5.0,43.0,38.0,4.0,6.0,10.0,116.0,60.0,190.0,274.0,126.0,276.0,270.0,192.0,200.0,93.0,917.0,102.0,273.0,128.0,202.0,1913.0,253.0,243.0,141.0,684.0,957.0,1114.0,263.0,2974.0,43.0,41.0,39.0,28.0,202.0,251.0,-35.01463317871094,-21.034881591796875,14.911545753479004
60,39.0,84.0,91.0,63.0,31.0,29.0,15.0,622.0,97.0,99.0,678.0,452.0,804.0,949.0,69.0,82.0,71.0,49.0,6.0,217.0,49.0,118.0,89.0,18.0,22.0,303.0,563.0,385.0,159.0,45.0,31.0,30.0,96.0,76.0,25.0,1.0,28.0,55.0,48.0,53.0,139.0,12.0,190.0,101.0,255.0,15.0,73.0,27.0,18.0,96.0,57.0,71.0,52.0,32.0,112.0,124.0,37.0,40.0,13.0,77.0,28.0,65.0,69.0,126.0,41.0,48.0,30.0,67.0,38.0,20.0,6.0,5.0,15.0,3.0,4.0,41.0,36.0,3.0,6.0,10.0,113.0,54.0,195.0,273.0,129.0,268.0,265.0,194.0,205.0,95.0,925.0,107.0,278.0,129.0,199.0,1854.0,260.0,249.0,144.0,711.0,940.0,1101.0,262.0,2938.0,44.0,41.0,39.0,28.0,201.0,247.0,-35.38054656982422,-22.202592849731445,13.952252388000488
61,45.0,95.0,96.0,66.0,30.0,29.0,16.0,633.0,98.0,103.0,681.0,467.0,797.0,945.0,71.0,87.0,71.0,51.0,22.0,221.0,54.0,114.0,98.0,19.0,23.0,311.0,589.0,401.0,162.0,47.0,34.0,32.0,96.0,73.0,25.0,2.0,31.0,49.0,43.0,47.0,155.0,2.0,191.0,105.0,285.0,16.0,72.0,29.0,20.0,91.0,56.0,74.0,52.0,32.0,115.0,127.0,40.0,42.0,12.0,83.0,27.0,59.0,62.0,134.0,41.0,49.0,32.0,66.0,40.0,22.0,5.0,3.0,17.0,2.0,4.0,44.0,38.0,4.0,6.0,10.0,116.0,54.0,199.0,278.0,131.0,267.0,260.0,201.0,210.0,98.0,918.0,108.0,277.0,124.0,195.0,1839.0,262.0,251.0,148.0,711.0,932.0,1087.0,262.0,2894.0,44.0,41.0,39.0,29.0,211.0,247.0,-35.7018928527832,-21.85312271118164,13.281414985656738
62,38.0,95.0,99.0,72.0,29.0,28.0,16.0,628.0,104.0,122.0,668.0,494.0,781.0,929.0,75.0,93.0,72.0,53.0,27.0,217.0,60.0,117.0,117.0,23.0,25.0,332.0,590.0,399.0,175.0,55.0,40.0,39.0,106.0,62.0,27.0,2.0,37.0,37.0,32.0,45.0,166.0,3.0,190.0,118.0,304.0,18.0,73.0,34.0,24.0,97.0,64.0,75.0,52.0,31.0,116.0,125.0,42.0,50.0,25.0,95.0,30.0,55.0,54.0,157.0,33.0,50.0,35.0,67.0,44.0,27.0,12.0,10.0,20.0,8.0,9.0,43.0,38.0,8.0,7.0,13.0,122.0,54.0,209.0,279.0,130.0,262.0,256.0,213.0,220.0,100.0,918.0,111.0,278.0,125.0,204.0,1845.0,272.0,258.0,152.0,693.0,947.0,1102.0,257.0,2842.0,43.0,39.0,37.0,28.0,208.0,244.0,-35.296424865722656,-20.905839920043945,13.6144437789917
63,27.0,91.0,100.0,74.0,29.0,28.0,17.0,627.0,104.0,138.0,674.0,516.0,779.0,930.0,79.0,96.0,75.0,52.0,22.0,213.0,62.0,114.0,130.0,27.0,24.0,344.0,590.0,393.0,176.0,57.0,44.0,43.0,111.0,57.0,28.0,10.0,42.0,34.0,29.0,44.0,173.0,6.0,190.0,121.0,287.0,19.0,75.0,35.0,25.0,96.0,66.0,77.0,55.0,32.0,117.0,132.0,46.0,52.0,42.0,98.0,32.0,55.0,57.0,160.0,27.0,50.0,36.0,68.0,46.0,27.0,22.0,21.0,22.0,16.0,17.0,43.0,39.0,13.0,8.0,15.0,127.0,56.0,215.0,288.0,137.0,261.0,253.0,221.0,227.0,101.0,912.0,110.0,275.0,122.0,207.0,1852.0,268.0,257.0,154.0,673.0,958.0,1108.0,257.0,2839.0,43.0,39.0,38.0,29.0,210.0,246.0,-35.51299285888672,-20.0213623046875,12.645654678344727
64,29.0,89.0,100.0,71.0,28.0,26.0,16.0,627.0,106.0,151.0,681.0,517.0,786.0,934.0,82.0,96.0,76.0,54.0,20.0,210.0,62.0,116.0,135.0,30.0,25.0,346.0,568.0,382.0,188.0,63.0,49.0,48.0,121.0,62.0,31.0,16.0,45.0,34.0,30.0,49.0,179.0,7.0,188.0,129.0,299.0,20.0,77.0,39.0,28.0,105.0,73.0,79.0,56.0,30.0,118.0,132.0,45.0,59.0,53.0,99.0,30.0,53.0,48.0,179.0,24.0,51.0,37.0,69.0,48.0,31.0,32.0,31.0,24.0,23.0,25.0,44.0,40.0,14.0,9.0,17.0,126.0,52.0,215.0,289.0,134.0,258.0,250.0,221.0,227.0,97.0,915.0,113.0,278.0,124.0,204.0,1842.0,257.0,260.0,157.0,684.0,966.0,1118.0,252.0,2865.0,40.0,35.0,33.0,27.0,205.0,236.0,-35.67681884765625,-18.564870834350586,11.762537002563477
65,34.0,93.0,102.0,71.0,27.0,25.0,16.0,627.0,105.0,160.0,698.0,539.0,799.0,936.0,82.0,94.0,74.0,55.0,21.0,211.0,59.0,118.0,138.0,30.0,24.0,355.0,555.0,372.0,182.0,59.0,46.0,44.0,118.0,76.0,32.0,21.0,46.0,52.0,47.0,56.0,179.0,10.0,186.0,132.0,304.0,19.0,81.0,35.0,24.0,102.0,66.0,80.0,53.0,29.0,119.0,123.0,39.0,54.0,65.0,96.0,40.0,68.0,66.0,168.0,32.0,51.0,37.0,66.0,45.0,26.0,38.0,37.0,21.0,26.0,29.0,43.0,39.0,10.0,8.0,17.0,121.0,47.0,218.0,285.0,132.0,267.0,258.0,218.0,225.0,97.0,920.0,112.0,280.0,126.0,208.0,1789.0,248.0,258.0,152.0,674.0,981.0,1124.0,249.0,2888.0,39.0,34.0,32.0,26.0,203.0,235.0,-35.37687301635742,-19.774978637695312,12.435078620910645
66,26.0,96.0,103.0,70.0,26.0,25.0,16.0,641.0,107.0,160.0,720.0,557.0,818.0,954.0,79.0,93.0,74.0,54.0,7.0,216.0,59.0,118.0,138.0,28.0,25.0,364.0,553.0,371.0,183.0,59.0,45.0,44.0,118.0,80.0,31.0,21.0,44.0,55.0,50.0,57.0,181.0,9.0,188.0,126.0,283.0,19.0,79.0,34.0,24.0,100.0,64.0,83.0,54.0,29.0,119.0,126.0,37.0,54.0,64.0,94.0,41.0,70.0,68.0,157.0,34.0,50.0,36.0,64.0,43.0,26.0,38.0,36.0,21.0,25.0,28.0,44.0,39.0,9.0,8.0,17.0,117.0,42.0,217.0,287.0,134.0,269.0,261.0,214.0,223.0,97.0,918.0,112.0,285.0,124.0,207.0,1747.0,242.0,254.0,154.0,684.0,995.0,1142.0,260.0,2929.0,40.0,33.0,32.0,27.0,207.0,232.0,-34.8863639831543,-19.30716896057129,12.457913398742676
67,25.0,94.0,101.0,70.0,26.0,25.0,15.0,651.0,109.0,158.0,726.0,565.0,815.0,948.0,78.0,91.0,73.0,54.0,3.0,222.0,61.0,121.0,138.0,27.0,25.0,387.0,565.0,385.0,197.0,61.0,47.0,45.0,126.0,78.0,30.0,16.0,42.0,58.0,51.0,58.0,184.0,12.0,188.0,127.0,281.0,19.0,78.0,36.0,25.0,104.0,66.0,84.0,55.0,30.0,120.0,128.0,36.0,55.0,58.0,97.0,39.0,72.0,74.0,156.0,34.0,52.0,37.0,65.0,41.0,28.0,34.0,32.0,22.0,22.0,25.0,44.0,39.0,8.0,8.0,15.0,111.0,40.0,213.0,289.0,134.0,274.0,266.0,211.0,219.0,97.0,933.0,115.0,289.0,129.0,211.0,1706.0,248.0,255.0,151.0,685.0,1007.0,1164.0,264.0,2956.0,39.0,34.0,32.0,27.0,205.0,236.0,-34.24824523925781,-18.52973175048828,11.023652076721191
68,31.0,92.0,100.0,70.0,26.0,25.0,15.0,667.0,110.0,160.0,750.0,574.0,837.0,959.0,81.0,91.0,74.0,56.0,5.0,231.0,61.0,122.0,137.0,26.0,25.0,401.0,572.0,393.0,211.0,63.0,49.0,46.0,136.0,89.0,32.0,17.0,43.0,71.0,62.0,67.0,181.0,10.0,189.0,134.0,291.0,19.0,81.0,37.0,26.0,108.0,67.0,84.0,54.0,29.0,122.0,123.0,35.0,56.0,58.0,97.0,42.0,80.0,84.0,166.0,37.0,52.0,37.0,65.0,41.0,28.0,35.0,32.0,22.0,21.0,25.0,42.0,38.0,6.0,8.0,16.0,109.0,37.0,213.0,287.0,135.0,277.0,272.0,212.0,219.0,96.0,947.0,118.0,295.0,131.0,211.0,1656.0,243.0,258.0,150.0,677.0,1012.0,1174.0,267.0,3002.0,39.0,33.0,32.0,26.0,206.0,238.0,-32.88037872314453,-16.605501174926758,9.618927001953125
69,46.0,89.0,103.0,73.0,27.0,25.0,16.0,676.0,109.0,170.0,766.0,613.0,851.0,966.0,84.0,94.0,76.0,61.0,13.0,245.0,61.0,123.0,146.0,27.0,25.0,416.0,587.0,405.0,207.0,59.0,46.0,43.0,132.0,103.0,33.0,19.0,46.0,86.0,79.0,73.0,187.0,10.0,194.0,143.0,320.0,19.0,83.0,33.0,23.0,102.0,63.0,85.0,57.0,29.0,124.0,122.0,34.0,53.0,66.0,99.0,57.0,99.0,106.0,181.0,40.0,52.0,36.0,65.0,38.0,25.0,36.0,34.0,20.0,23.0,26.0,45.0,41.0,5.0,8.0,17.0,110.0,34.0,219.0,290.0,137.0,285.0,281.0,217.0,222.0,100.0,961.0,119.0,298.0,134.0,223.0,1655.0,252.0,260.0,151.0,674.0,1009.0,1183.0,267.0,3058.0,39.0,34.0,33.0,27.0,215.0,246.0,-30.444520950317383,-17.08001136779785,9.454319953918457
70,55.0,96.0,104.0,72.0,28.0,26.0,16.0,677.0,109.0,175.0,785.0,615.0,876.0,985.0,81.0,94.0,75.0,62.0,14.0,236.0,65.0,125.0,146.0,28.0,27.0,418.0,586.0,402.0,195.0,58.0,42.0,40.0,118.0,100.0,33.0,20.0,46.0,86.0,77.0,72.0,185.0,8.0,194.0,142.0,318.0,19.0,84.0,32.0,22.0,98.0,58.0,83.0,57.0,30.0,124.0,127.0,36.0,51.0,65.0,102.0,60.0,103.0,113.0,184.0,44.0,50.0,35.0,63.0,37.0,25.0,33.0,31.0,19.0,21.0,23.0,46.0,42.0,6.0,9.0,16.0,110.0,39.0,212.0,292.0,138.0,289.0,284.0,211.0,217.0,100.0,963.0,116.0,297.0,134.0,231.0,1736.0,257.0,257.0,150.0,685.0,1028.0,1215.0,275.0,3135.0,40.0,36.0,35.0,28.0,218.0,254.0,-30.913793563842773,-19.352602005004883,9.720202445983887
71,52.0,100.0,109.0,74.0,28.0,26.0,16.0,686.0,110.0,167.0,792.0,606.0,892.0,1010.0,85.0,97.0,75.0,62.0,15.0,236.0,62.0,128.0,139.0,27.0,26.0,412.0,588.0,404.0,195.0,57.0,41.0,39.0,119.0,105.0,34.0,19.0,44.0,91.0,81.0,75.0,195.0,9.0,194.0,144.0,321.0,18.0,88.0,32.0,21.0,103.0,59.0,86.0,60.0,30.0,124.0,121.0,33.0,50.0,60.0,99.0,58.0,105.0,116.0,188.0,49.0,53.0,37.0,67.0,39.0,24.0,32.0,29.0,18.0,19.0,21.0,49.0,46.0,3.0,9.0,16.0,107.0,35.0,218.0,295.0,139.0,294.0,288.0,216.0,223.0,101.0,977.0,119.0,301.0,139.0,233.0,1761.0,259.0,261.0,153.0,688.0,1035.0,1217.0,280.0,3175.0,40.0,35.0,34.0,27.0,217.0,256.0,-30.453271865844727,-18.512514114379883,8.88265609741211
72,55.0,96.0,109.0,73.0,29.0,27.0,16.0,688.0,108.0,139.0,793.0,567.0,912.0,1059.0,88.0,98.0,76.0,61.0,11.0,219.0,57.0,127.0,119.0,24.0,24.0,371.0,565.0,385.0,185.0,53.0,38.0,36.0,111.0,92.0,29.0,12.0,35.0,81.0,69.0,65.0,203.0,9.0,196.0,139.0,313.0,16.0,81.0,31.0,21.0,102.0,63.0,87.0,71.0,31.0,121.0,135.0,38.0,48.0,39.0,89.0,45.0,94.0,104.0,194.0,46.0,52.0,37.0,71.0,43.0,23.0,22.0,20.0,18.0,13.0,15.0,56.0,52.0,3.0,8.0,12.0,115.0,37.0,223.0,305.0,142.0,287.0,281.0,223.0,231.0,106.0,967.0,115.0,293.0,136.0,221.0,1839.0,265.0,267.0,158.0,709.0,1046.0,1227.0,288.0,3228.0,42.0,38.0,36.0,28.0,216.0,258.0,-31.688199996948242,-16.526792526245117,8.2778902053833
73,45.0,96.0,113.0,71.0,30.0,29.0,16.0,686.0,114.0,105.0,773.0,518.0,907.0,1074.0,94.0,104.0,79.0,58.0,4.0,220.0,52.0,138.0,93.0,18.0,22.0,355.0,545.0,382.0,179.0,49.0,36.0,33.0,108.0,88.0,25.0,3.0,26.0,77.0,64.0,58.0,198.0,1.0,197.0,126.0,286.0,15.0,82.0,29.0,20.0,111.0,71.0,90.0,74.0,32.0,117.0,133.0,42.0,43.0,12.0,81.0,31.0,85.0,95.0,179.0,45.0,56.0,40.0,79.0,50.0,22.0,8.0,5.0,17.0,3.0,4.0,58.0,53.0,1.0,6.0,9.0,124.0,40.0,229.0,310.0,145.0,285.0,277.0,232.0,241.0,109.0,995.0,121.0,298.0,146.0,224.0,1885.0,294.0,270.0,165.0,726.0,1048.0,1238.0,310.0,3286.0,45.0,39.0,38.0,29.0,215.0,262.0,-31.845869064331055,-14.026129722595215,7.538313865661621
74,54.0,92.0,116.0,74.0,31.0,29.0,16.0,676.0,112.0,104.0,760.0,508.0,895.0,1080.0,96.0,107.0,81.0,61.0,6.0,214.0,56.0,134.0,94.0,18.0,21.0,347.0,530.0,376.0,173.0,50.0,37.0,35.0,105.0,79.0,25.0,1.0,27.0,69.0,57.0,54.0,198.0,2.0,196.0,125.0,290.0,16.0,80.0,31.0,22.0,109.0,73.0,91.0,80.0,33.0,114.0,144.0,47.0,45.0,6.0,85.0,30.0,82.0,91.0,191.0,38.0,57.0,42.0,80.0,55.0,24.0,4.0,2.0,19.0,1.0,1.0,59.0,54.0,3.0,6.0,8.0,130.0,37.0,235.0,320.0,147.0,278.0,267.0,238.0,246.0,113.0,987.0,120.0,289.0,142.0,226.0,1907.0,294.0,269.0,169.0,731.0,1034.0,1218.0,317.0,3312.0,46.0,40.0,39.0,29.0,211.0,266.0,-31.34357452392578,-14.431986808776855,6.762366771697998
75,47.0,89.0,113.0,74.0,32.0,30.0,16.0,686.0,112.0,104.0,758.0,505.0,886.0,1065.0,98.0,106.0,83.0,61.0,24.0,212.0,56.0,131.0,93.0,20.0,22.0,347.0,535.0,376.0,182.0,53.0,41.0,38.0,113.0,73.0,26.0,2.0,28.0,64.0,51.0,56.0,201.0,2.0,202.0,117.0,264.0,17.0,80.0,33.0,23.0,111.0,76.0,93.0,84.0,34.0,116.0,150.0,48.0,48.0,8.0,85.0,26.0,71.0,79.0,182.0,38.0,57.0,41.0,79.0,54.0,26.0,6.0,4.0,20.0,2.0,3.0,61.0,55.0,3.0,7.0,8.0,132.0,37.0,234.0,322.0,153.0,282.0,272.0,235.0,247.0,114.0,993.0,119.0,295.0,141.0,218.0,1875.0,286.0,268.0,168.0,741.0,1022.0,1210.0,324.0,3327.0,47.0,41.0,40.0,29.0,213.0,270.0,-33.361244201660156,-14.093849182128906,6.024069786071777
76,48.0,94.0,116.0,76.0,33.0,32.0,17.0,679.0,115.0,111.0,755.0,533.0,866.0,1032.0,102.0,107.0,84.0,64.0,27.0,215.0,57.0,138.0,100.0,19.0,23.0,370.0,532.0,377.0,185.0,53.0,41.0,37.0,115.0,81.0,27.0,3.0,31.0,74.0,59.0,61.0,207.0,3.0,205.0,124.0,276.0,17.0,88.0,32.0,23.0,115.0,79.0,96.0,83.0,35.0,116.0,141.0,49.0,47.0,15.0,87.0,33.0,80.0,89.0,196.0,44.0,57.0,42.0,80.0,55.0,25.0,9.0,6.0,20.0,4.0,5.0,60.0,56.0,2.0,7.0,9.0,132.0,34.0,233.0,317.0,154.0,283.0,275.0,233.0,244.0,112.0,999.0,122.0,300.0,148.0,233.0,1828.0,301.0,265.0,167.0,716.0,1035.0,1217.0,328.0,3331.0,47.0,41.0,41.0,29.0,210.0,271.0,-33.199371337890625,-12.94766616821289,6.244914531707764
77,54.0,98.0,115.0,78.0,33.0,32.0,17.0,692.0,112.0,127.0,788.0,615.0,895.0,1049.0,96.0,107.0,84.0,63.0,25.0,217.0,63.0,132.0,118.0,20.0,24.0,400.0,543.0,379.0,162.0,47.0,32.0,30.0,91.0,84.0,27.0,5.0,34.0,81.0,66.0,59.0,192.0,10.0,200.0,126.0,274.0,17.0,88.0,27.0,19.0,96.0,61.0,94.0,81.0,36.0,115.0,147.0,51.0,41.0,23.0,95.0,46.0,95.0,107.0,199.0,45.0,53.0,38.0,73.0,47.0,22.0,10.0,8.0,16.0,6.0,6.0,57.0,52.0,2.0,6.0,11.0,138.0,39.0,236.0,316.0,154.0,285.0,278.0,231.0,243.0,117.0,986.0,118.0,292.0,139.0,251.0,1818.0,317.0,262.0,168.0,742.0,1061.0,1261.0,331.0,3387.0,49.0,43.0,43.0,31.0,218.0,270.0,-33.10068893432617,-16.701738357543945,6.972334861755371
78,26.0,100.0,113.0,73.0,35.0,34.0,16.0,712.0,110.0,144.0,832.0,634.0,954.0,1106.0,95.0,104.0,86.0,54.0,47.0,207.0,66.0,123.0,129.0,25.0,25.0,397.0,547.0,375.0,160.0,48.0,32.0,30.0,87.0,80.0,28.0,9.0,36.0,74.0,61.0,56.0,183.0,14.0,201.0,113.0,219.0,18.0,86.0,29.0,18.0,92.0,53.0,99.0,81.0,38.0,117.0,145.0,45.0,42.0,37.0,95.0,43.0,87.0,97.0,177.0,47.0,53.0,38.0,68.0,44.0,22.0,17.0,15.0,16.0,9.0,10.0,53.0,48.0,4.0,8.0,12.0,132.0,34.0,240.0,319.0,161.0,287.0,278.0,236.0,246.0,121.0,977.0,117.0,289.0,132.0,241.0,1893.0,292.0,269.0,175.0,762.0,1111.0,1318.0,341.0,3448.0,52.0,46.0,45.0,34.0,225.0,274.0,-33.242130279541016,-12.542710304260254,7.451592922210693
79,15.0,101.0,109.0,72.0,36.0,34.0,16.0,724.0,111.0,142.0,857.0,625.0,995.0,1167.0,88.0,100.0,84.0,48.0,54.0,201.0,66.0,123.0,125.0,26.0,25.0,397.0,556.0,373.0,161.0,49.0,33.0,31.0,88.0,70.0,25.0,8.0,32.0,68.0,55.0,50.0,177.0,16.0,201.0,105.0,188.0,17.0,80.0,29.0,19.0,91.0,52.0,97.0,81.0,40.0,114.0,152.0,41.0,43.0,34.0,97.0,40.0,88.0,104.0,157.0,42.0,55.0,38.0,68.0,42.0,23.0,16.0,13.0,16.0,8.0,10.0,50.0,45.0,6.0,8.0,11.0,124.0,32.0,240.0,329.0,168.0,284.0,275.0,239.0,245.0,123.0,978.0,118.0,291.0,131.0,239.0,1987.0,288.0,281.0,183.0,811.0,1144.0,1371.0,363.0,3512.0,55.0,49.0,48.0,35.0,226.0,281.0,-33.485050201416016,-12.108582496643066,8.023371696472168
80,36.0,98.0,109.0,66.0,35.0,33.0,14.0,757.0,117.0,132.0,871.0,604.0,1019.0,1190.0,93.0,98.0,84.0,40.0,93.0,208.0,61.0,129.0,112.0,25.0,24.0,395.0,569.0,395.0,180.0,50.0,36.0,33.0,103.0,67.0,23.0,8.0,26.0,61.0,50.0,49.0,183.0,17.0,197.0,85.0,113.0,15.0,78.0,31.0,21.0,103.0,59.0,104.0,83.0,40.0,117.0,143.0,36.0,44.0,31.0,87.0,27.0,72.0,83.0,115.0,44.0,57.0,39.0,71.0,43.0,24.0,18.0,15.0,18.0,9.0,10.0,50.0,45.0,5.0,8.0,9.0,118.0,34.0,239.0,326.0,170.0,287.0,279.0,238.0,248.0,121.0,989.0,125.0,298.0,137.0,231.0,2001.0,282.0,283.0,187.0,834.0,1170.0,1387.0,378.0,3544.0,56.0,46.0,45.0,34.0,220.0,274.0,-34.6874885559082,-13.897319793701172,8.321012496948242
81,34.0,88.0,101.0,62.0,34.0,32.0,13.0,781.0,116.0,130.0,896.0,597.0,1046.0,1220.0,89.0,94.0,78.0,38.0,112.0,213.0,60.0,130.0,107.0,23.0,24.0,395.0,590.0,408.0,179.0,49.0,35.0,32.0,102.0,72.0,22.0,8.0,24.0,69.0,59.0,51.0,178.0,19.0,194.0,69.0,79.0,14.0,74.0,31.0,20.0,105.0,60.0,100.0,73.0,41.0,122.0,137.0,37.0,42.0,27.0,83.0,27.0,75.0,85.0,89.0,42.0,56.0,39.0,70.0,43.0,24.0,17.0,13.0,17.0,8.0,9.0,49.0,44.0,4.0,8.0,8.0,120.0,35.0,229.0,322.0,166.0,296.0,285.0,224.0,236.0,112.0,1010.0,124.0,301.0,140.0,233.0,2023.0,280.0,274.0,179.0,833.0,1198.0,1413.0,386.0,3697.0,56.0,46.0,45.0,31.0,204.0,278.0,-34.504844665527344,-14.67548942565918,9.285445213317871
82,34.0,79.0,95.0,61.0,34.0,33.0,13.0,829.0,114.0,134.0,921.0,662.0,1058.0,1221.0,89.0,88.0,79.0,36.0,118.0,222.0,64.0,122.0,121.0,23.0,23.0,429.0,643.0,436.0,187.0,49.0,35.0,32.0,106.0,71.0,20.0,7.0,25.0,70.0,62.0,48.0,163.0,27.0,198.0,70.0,70.0,14.0,68.0,32.0,20.0,102.0,58.0,101.0,74.0,42.0,125.0,150.0,38.0,43.0,30.0,87.0,32.0,80.0,83.0,84.0,31.0,53.0,36.0,65.0,41.0,24.0,16.0,14.0,18.0,8.0,10.0,46.0,40.0,7.0,7.0,9.0,129.0,39.0,226.0,325.0,163.0,296.0,287.0,218.0,233.0,113.0,1017.0,123.0,301.0,133.0,236.0,1958.0,287.0,275.0,177.0,871.0,1208.0,1425.0,389.0,3787.0,57.0,46.0,46.0,30.0,196.0,275.0,-34.0543098449707,-14.474926948547363,8.912779808044434
83,50.0,64.0,91.0,56.0,28.0,27.0,11.0,887.0,115.0,137.0,985.0,693.0,1117.0,1269.0,91.0,87.0,80.0,39.0,124.0,245.0,63.0,122.0,120.0,23.0,23.0,443.0,671.0,455.0,203.0,50.0,36.0,32.0,112.0,80.0,22.0,8.0,26.0,77.0,73.0,55.0,147.0,29.0,190.0,67.0,60.0,15.0,67.0,33.0,21.0,103.0,59.0,100.0,66.0,36.0,128.0,145.0,38.0,44.0,32.0,85.0,29.0,78.0,74.0,74.0,29.0,51.0,32.0,63.0,36.0,25.0,19.0,16.0,18.0,8.0,11.0,39.0,34.0,7.0,7.0,9.0,133.0,40.0,234.0,317.0,147.0,305.0,295.0,220.0,238.0,107.0,1029.0,123.0,305.0,132.0,230.0,1904.0,274.0,269.0,171.0,902.0,1256.0,1478.0,381.0,3935.0,48.0,37.0,35.0,23.0,179.0,257.0,-34.15052795410156,-13.114991188049316,9.376630783081055
84,40.0,63.0,89.0,59.0,27.0,26.0,12.0,920.0,118.0,160.0,1038.0,739.0,1156.0,1304.0,86.0,84.0,79.0,43.0,116.0,245.0,73.0,120.0,142.0,24.0,25.0,480.0,682.0,443.0,213.0,57.0,40.0,36.0,117.0,86.0,23.0,11.0,30.0,86.0,81.0,56.0,123.0,32.0,189.0,78.0,86.0,17.0,68.0,37.0,23.0,104.0,60.0,99.0,52.0,35.0,124.0,148.0,37.0,48.0,46.0,96.0,43.0,91.0,89.0,82.0,19.0,55.0,34.0,63.0,35.0,29.0,25.0,21.0,21.0,12.0,14.0,28.0,23.0,11.0,7.0,12.0,131.0,35.0,234.0,329.0,145.0,303.0,294.0,218.0,235.0,104.0,1050.0,124.0,310.0,127.0,234.0,1870.0,269.0,265.0,168.0,924.0,1319.0,1554.0,368.0,4020.0,45.0,34.0,33.0,22.0,170.0,248.0,-35.16071319580078,-15.345928192138672,9.925505638122559
85,38.0,68.0,93.0,62.0,28.0,27.0,13.0,951.0,122.0,153.0,1070.0,730.0,1196.0,1362.0,87.0,88.0,83.0,46.0,112.0,257.0,71.0,122.0,136.0,23.0,23.0,489.0,703.0,455.0,224.0,55.0,39.0,35.0,124.0,87.0,22.0,10.0,28.0,92.0,84.0,60.0,122.0,30.0,190.0,81.0,94.0,16.0,71.0,37.0,24.0,109.0,64.0,100.0,51.0,35.0,118.0,153.0,40.0,47.0,41.0,91.0,42.0,97.0,98.0,87.0,22.0,61.0,39.0,67.0,40.0,29.0,23.0,20.0,22.0,11.0,13.0,25.0,19.0,11.0,7.0,11.0,132.0,36.0,240.0,342.0,150.0,304.0,295.0,220.0,240.0,102.0,1063.0,126.0,311.0,130.0,231.0,1914.0,271.0,271.0,171.0,943.0,1412.0,1649.0,361.0,4059.0,46.0,34.0,33.0,23.0,170.0,242.0,-35.809226989746094,-14.749198913574219,9.896047592163086
86,32.0,71.0,94.0,64.0,28.0,27.0,13.0,952.0,126.0,160.0,1076.0,758.0,1195.0,1369.0,84.0,83.0,82.0,48.0,111.0,263.0,68.0,124.0,146.0,22.0,23.0,508.0,722.0,460.0,232.0,54.0,41.0,37.0,136.0,80.0,20.0,12.0,28.0,95.0,84.0,58.0,129.0,24.0,187.0,81.0,101.0,15.0,68.0,37.0,24.0,112.0,66.0,99.0,49.0,35.0,116.0,156.0,36.0,46.0,53.0,89.0,49.0,102.0,104.0,87.0,20.0,63.0,42.0,67.0,40.0,29.0,30.0,26.0,22.0,16.0,19.0,22.0,16.0,12.0,7.0,12.0,122.0,30.0,233.0,347.0,151.0,296.0,287.0,212.0,233.0,100.0,1052.0,129.0,313.0,130.0,227.0,1872.0,272.0,272.0,170.0,959.0,1436.0,1677.0,349.0,4017.0,46.0,34.0,32.0,22.0,164.0,237.0,-35.16627502441406,-15.552597045898438,10.101724624633789
87,22.0,68.0,95.0,63.0,27.0,25.0,13.0,938.0,128.0,161.0,1061.0,747.0,1188.0,1367.0,85.0,87.0,84.0,50.0,97.0,273.0,71.0,125.0,146.0,22.0,23.0,501.0,726.0,470.0,225.0,54.0,40.0,36.0,130.0,91.0,21.0,11.0,28.0,96.0,88.0,58.0,107.0,27.0,183.0,85.0,119.0,16.0,70.0,37.0,24.0,111.0,66.0,100.0,41.0,33.0,111.0,155.0,34.0,46.0,51.0,91.0,48.0,103.0,102.0,86.0,17.0,66.0,43.0,70.0,41.0,29.0,28.0,24.0,22.0,14.0,17.0,16.0,10.0,13.0,7.0,12.0,116.0,19.0,246.0,364.0,149.0,299.0,287.0,223.0,245.0,103.0,1069.0,131.0,317.0,131.0,232.0,1925.0,274.0,273.0,171.0,939.0,1429.0,1656.0,328.0,3989.0,43.0,33.0,31.0,22.0,164.0,233.0,-34.93886184692383,-16.44037437438965,10.120766639709473
88,19.0,68.0,95.0,60.0,25.0,23.0,11.0,921.0,130.0,157.0,1058.0,703.0,1199.0,1390.0,82.0,85.0,82.0,47.0,93.0,273.0,70.0,128.0,139.0,20.0,24.0,482.0,708.0,468.0,222.0,53.0,39.0,34.0,125.0,94.0,18.0,9.0,25.0,101.0,92.0,55.0,106.0,25.0,178.0,86.0,125.0,15.0,69.0,37.0,24.0,111.0,66.0,98.0,39.0,30.0,105.0,153.0,29.0,45.0,48.0,88.0,47.0,112.0,112.0,93.0,19.0,69.0,45.0,73.0,43.0,28.0,26.0,23.0,21.0,14.0,16.0,15.0,9.0,13.0,7.0,11.0,104.0,20.0,245.0,369.0,143.0,295.0,284.0,221.0,244.0,101.0,1059.0,131.0,309.0,134.0,231.0,2040.0,273.0,273.0,170.0,974.0,1437.0,1662.0,317.0,3963.0,40.0,30.0,28.0,20.0,162.0,226.0,-35.57010269165039,-15.592523574829102,9.942420959472656
89,15.0,65.0,94.0,61.0,22.0,21.0,11.0,909.0,131.0,157.0,1059.0,684.0,1212.0,1404.0,74.0,84.0,87.0,44.0,68.0,264.0,72.0,128.0,138.0,22.0,23.0,472.0,693.0,452.0,214.0,54.0,38.0,33.0,115.0,87.0,20.0,9.0,27.0,96.0,87.0,52.0,73.0,34.0,163.0,93.0,156.0,15.0,72.0,38.0,24.0,111.0,65.0,98.0,36.0,27.0,88.0,179.0,27.0,45.0,46.0,90.0,47.0,112.0,120.0,110.0,14.0,71.0,47.0,76.0,46.0,29.0,25.0,21.0,21.0,12.0,14.0,5.0,0.0,16.0,8.0,11.0,93.0,9.0,260.0,400.0,141.0,277.0,270.0,238.0,258.0,107.0,1032.0,130.0,296.0,132.0,232.0,2131.0,275.0,284.0,179.0,1058.0,1446.0,1679.0,315.0,3851.0,37.0,28.0,26.0,19.0,158.0,217.0,-36.64000701904297,-16.66413688659668,11.839446067810059
90,10.0,62.0,95.0,58.0,21.0,20.0,10.0,900.0,129.0,157.0,1074.0,666.0,1237.0,1431.0,71.0,86.0,83.0,41.0,61.0,256.0,68.0,132.0,134.0,21.0,23.0,461.0,682.0,442.0,194.0,47.0,31.0,27.0,98.0,96.0,18.0,11.0,23.0,106.0,96.0,50.0,62.0,35.0,154.0,93.0,155.0,13.0,70.0,32.0,19.0,108.0,58.0,94.0,32.0,25.0,82.0,175.0,25.0,39.0,53.0,85.0,56.0,128.0,141.0,110.0,15.0,71.0,45.0,79.0,43.0,24.0,26.0,23.0,17.0,13.0,15.0,4.0,1.0,19.0,8.0,10.0,92.0,9.0,266.0,405.0,138.0,278.0,269.0,249.0,265.0,109.0,1028.0,128.0,293.0,136.0,241.0,2251.0,279.0,285.0,177.0,1039.0,1474.0,1699.0,313.0,3849.0,36.0,28.0,26.0,19.0,160.0,213.0,-35.411685943603516,-13.317754745483398,10.109553337097168
91,1.0,62.0,93.0,58.0,21.0,20.0,10.0,905.0,126.0,151.0,1088.0,678.0,1254.0,1442.0,66.0,86.0,84.0,41.0,56.0,256.0,69.0,131.0,132.0,21.0,23.0,465.0,682.0,441.0,187.0,43.0,27.0,23.0,87.0,99.0,17.0,9.0,21.0,111.0,100.0,49.0,60.0,36.0,151.0,95.0,169.0,12.0,69.0,30.0,17.0,101.0,51.0,90.0,35.0,24.0,81.0,181.0,28.0,35.0,46.0,83.0,58.0,135.0,155.0,123.0,16.0,68.0,43.0,76.0,41.0,23.0,21.0,17.0,15.0,9.0,11.0,4.0,0.0,18.0,7.0,9.0,98.0,15.0,265.0,402.0,135.0,280.0,270.0,247.0,264.0,111.0,1020.0,126.0,290.0,134.0,245.0,2258.0,289.0,285.0,179.0,1073.0,1474.0,1725.0,316.0,3858.0,36.0,28.0,26.0,19.0,161.0,214.0,-35.36817932128906,-12.785140991210938,10.356120109558105
92,3.0,63.0,95.0,56.0,20.0,19.0,9.0,915.0,128.0,156.0,1113.0,709.0,1286.0,1467.0,66.0,87.0,83.0,38.0,49.0,243.0,67.0,134.0,137.0,20.0,24.0,474.0,672.0,428.0,181.0,41.0,26.0,22.0,82.0,96.0,16.0,10.0,21.0,113.0,100.0,48.0,57.0,37.0,147.0,96.0,169.0,11.0,70.0,28.0,16.0,100.0,49.0,91.0,34.0,24.0,80.0,172.0,25.0,34.0,55.0,82.0,63.0,140.0,161.0,123.0,19.0,67.0,41.0,75.0,37.0,21.0,24.0,21.0,14.0,11.0,13.0,4.0,1.0,18.0,7.0,10.0,90.0,11.0,264.0,398.0,137.0,279.0,268.0,247.0,261.0,109.0,1016.0,125.0,290.0,137.0,247.0,2231.0,290.0,287.0,179.0,1068.0,1506.0,1768.0,314.0,3872.0,36.0,28.0,26.0,20.0,164.0,211.0,-36.493404388427734,-13.61427116394043,10.852996826171875
93,6.0,63.0,96.0,56.0,20.0,19.0,9.0,910.0,125.0,157.0,1119.0,723.0,1286.0,1477.0,65.0,86.0,83.0,38.0,47.0,241.0,66.0,134.0,141.0,20.0,23.0,479.0,668.0,423.0,178.0,40.0,24.0,20.0,78.0,92.0,15.0,10.0,21.0,113.0,100.0,46.0,59.0,33.0,148.0,96.0,171.0,10.0,68.0,27.0,14.0,97.0,45.0,89.0,35.0,24.0,80.0,172.0,25.0,33.0,58.0,82.0,69.0,145.0,165.0,119.0,17.0,65.0,41.0,73.0,36.0,20.0,24.0,21.0,13.0,11.0,13.0,4.0,1.0,20.0,6.0,10.0,90.0,10.0,265.0,395.0,134.0,281.0,270.0,245.0,260.0,109.0,1007.0,125.0,289.0,137.0,249.0,2219.0,293.0,287.0,177.0,1073.0,1518.0,1784.0,309.0,3873.0,35.0,27.0,25.0,19.0,161.0,209.0,-36.35186767578125,-14.067588806152344,11.121387481689453
94,9.0,66.0,96.0,58.0,21.0,19.0,9.0,895.0,123.0,160.0,1098.0,742.0,1272.0,1465.0,63.0,85.0,83.0,40.0,45.0,228.0,69.0,129.0,148.0,20.0,24.0,476.0,651.0,410.0,172.0,42.0,25.0,21.0,73.0,78.0,16.0,8.0,23.0,101.0,88.0,43.0,52.0,38.0,147.0,95.0,176.0,11.0,67.0,28.0,15.0,95.0,45.0,90.0,37.0,24.0,79.0,178.0,24.0,34.0,55.0,89.0,68.0,135.0,156.0,122.0,12.0,65.0,40.0,73.0,36.0,21.0,21.0,18.0,13.0,10.0,12.0,4.0,1.0,21.0,6.0,11.0,90.0,11.0,264.0,396.0,132.0,276.0,264.0,244.0,260.0,112.0,1007.0,123.0,287.0,132.0,251.0,2211.0,298.0,288.0,178.0,1082.0,1506.0,1766.0,315.0,3864.0,36.0,28.0,26.0,19.0,163.0,211.0,-36.80126190185547,-14.926370620727539,11.620881080627441
95,20.0,71.0,100.0,59.0,20.0,19.0,10.0,883.0,122.0,153.0,1090.0,729.0,1257.0,1455.0,65.0,88.0,83.0,43.0,38.0,226.0,68.0,128.0,143.0,19.0,23.0,461.0,650.0,400.0,168.0,41.0,25.0,21.0,75.0,73.0,16.0,7.0,23.0,96.0,82.0,43.0,57.0,37.0,149.0,95.0,187.0,12.0,68.0,27.0,15.0,93.0,46.0,89.0,38.0,23.0,78.0,171.0,27.0,34.0,48.0,89.0,62.0,128.0,145.0,127.0,13.0,63.0,40.0,71.0,38.0,20.0,19.0,17.0,13.0,10.0,11.0,6.0,1.0,19.0,6.0,11.0,93.0,14.0,268.0,389.0,130.0,276.0,265.0,247.0,262.0,110.0,999.0,122.0,284.0,130.0,244.0,2199.0,297.0,288.0,177.0,1060.0,1486.0,1742.0,308.0,3831.0,35.0,27.0,25.0,19.0,165.0,208.0,-35.9783935546875,-14.429362297058105,11.145015716552734
96,20.0,79.0,102.0,62.0,21.0,20.0,10.0,882.0,123.0,147.0,1072.0,716.0,1237.0,1458.0,69.0,87.0,84.0,45.0,39.0,218.0,68.0,123.0,143.0,22.0,22.0,438.0,655.0,396.0,175.0,46.0,28.0,26.0,84.0,59.0,18.0,6.0,26.0,76.0,63.0,41.0,69.0,36.0,154.0,90.0,185.0,14.0,71.0,30.0,18.0,94.0,51.0,94.0,44.0,25.0,81.0,171.0,28.0,38.0,41.0,90.0,48.0,105.0,117.0,126.0,13.0,65.0,43.0,72.0,42.0,23.0,18.0,15.0,16.0,9.0,10.0,9.0,4.0,18.0,6.0,10.0,91.0,12.0,264.0,384.0,132.0,270.0,257.0,244.0,259.0,111.0,998.0,120.0,285.0,126.0,229.0,2197.0,292.0,288.0,180.0,1067.0,1448.0,1700.0,304.0,3798.0,36.0,28.0,26.0,19.0,167.0,212.0,-36.12516784667969,-17.16337013244629,12.309934616088867
97,28.0,82.0,100.0,61.0,22.0,21.0,10.0,883.0,120.0,133.0,1079.0,683.0,1270.0,1510.0,69.0,87.0,82.0,43.0,41.0,211.0,68.0,117.0,134.0,24.0,21.0,397.0,668.0,404.0,151.0,40.0,25.0,22.0,71.0,51.0,16.0,3.0,24.0,65.0,52.0,34.0,75.0,37.0,151.0,81.0,165.0,14.0,68.0,29.0,16.0,82.0,44.0,93.0,50.0,26.0,77.0,176.0,29.0,33.0,28.0,85.0,37.0,92.0,105.0,136.0,11.0,66.0,42.0,73.0,43.0,21.0,11.0,9.0,14.0,5.0,6.0,12.0,7.0,18.0,7.0,8.0,98.0,19.0,260.0,381.0,136.0,257.0,243.0,245.0,263.0,116.0,971.0,116.0,270.0,116.0,220.0,2367.0,299.0,284.0,186.0,1090.0,1430.0,1691.0,319.0,3776.0,39.0,30.0,29.0,21.0,174.0,219.0,-38.49931335449219,-14.207991600036621,11.07357406616211
98,32.0,80.0,100.0,59.0,22.0,20.0,10.0,873.0,120.0,128.0,1062.0,634.0,1255.0,1502.0,72.0,88.0,80.0,45.0,37.0,209.0,66.0,116.0,125.0,25.0,22.0,368.0,656.0,401.0,152.0,41.0,26.0,23.0,72.0,60.0,18.0,5.0,24.0,64.0,53.0,40.0,86.0,36.0,148.0,87.0,183.0,15.0,73.0,30.0,17.0,84.0,46.0,94.0,52.0,27.0,78.0,171.0,29.0,34.0,26.0,81.0,32.0,85.0,94.0,156.0,15.0,68.0,44.0,76.0,45.0,22.0,12.0,9.0,15.0,5.0,6.0,16.0,11.0,15.0,8.0,8.0,100.0,20.0,259.0,376.0,139.0,253.0,242.0,245.0,262.0,114.0,969.0,116.0,266.0,115.0,212.0,2426.0,293.0,283.0,185.0,1070.0,1392.0,1642.0,314.0,3725.0,40.0,31.0,29.0,23.0,182.0,218.0,-35.86345291137695,-14.995464324951172,10.378515243530273
99,49.0,85.0,102.0,61.0,23.0,22.0,11.0,882.0,119.0,122.0,1074.0,605.0,1286.0,1532.0,80.0,95.0,82.0,48.0,17.0,220.0,64.0,114.0,117.0,26.0,21.0,352.0,662.0,407.0,153.0,41.0,27.0,24.0,78.0,80.0,20.0,5.0,26.0,75.0,64.0,45.0,97.0,33.0,154.0,105.0,226.0,16.0,75.0,31.0,17.0,84.0,48.0,94.0,53.0,27.0,79.0,167.0,35.0,34.0,22.0,77.0,32.0,92.0,101.0,181.0,18.0,70.0,46.0,77.0,48.0,23.0,11.0,9.0,16.0,4.0,6.0,19.0,15.0,12.0,8.0,8.0,113.0,30.0,259.0,369.0,136.0,251.0,239.0,255.0,268.0,115.0,965.0,114.0,263.0,112.0,203.0,2461.0,285.0,285.0,188.0,1041.0,1398.0,1655.0,310.0,3710.0,40.0,32.0,30.0,23.0,186.0,219.0,-33.09526443481445,-11.929766654968262,8.164783477783203
100,49.0,95.0,111.0,63.0,23.0,22.0,12.0,894.0,118.0,110.0,1056.0,568.0,1255.0,1504.0,87.0,99.0,84.0,51.0,11.0,236.0,61.0,114.0,107.0,22.0,21.0,341.0,676.0,418.0,172.0,46.0,32.0,29.0,93.0,87.0,22.0,2.0,26.0,80.0,70.0,50.0,117.0,28.0,160.0,115.0,252.0,18.0,80.0,34.0,21.0,94.0,58.0,101.0,58.0,28.0,83.0,161.0,33.0,38.0,10.0,76.0,23.0,87.0,87.0,203.0,25.0,72.0,49.0,80.0,52.0,26.0,6.0,4.0,19.0,1.0,2.0,24.0,19.0,8.0,9.0,7.0,106.0,27.0,258.0,366.0,135.0,253.0,241.0,251.0,264.0,112.0,970.0,116.0,266.0,115.0,191.0,2410.0,276.0,286.0,185.0,1039.0,1378.0,1617.0,305.0,3699.0,39.0,30.0,29.0,23.0,186.0,220.0,-32.95215606689453,-12.248174667358398,8.13516902923584
101,50.0,99.0,114.0,66.0,24.0,22.0,13.0,875.0,120.0,106.0,1024.0,535.0,1225.0,1486.0,91.0,103.0,84.0,53.0,9.0,230.0,61.0,117.0,100.0,22.0,20.0,331.0,656.0,411.0,170.0,48.0,34.0,31.0,94.0,84.0,23.0,2.0,25.0,76.0,64.0,50.0,130.0,23.0,162.0,117.0,260.0,18.0,80.0,36.0,23.0,99.0,63.0,100.0,61.0,28.0,83.0,157.0,37.0,41.0,7.0,75.0,17.0,82.0,79.0,209.0,32.0,75.0,53.0,83.0,56.0,28.0,5.0,2.0,21.0,0.0,1.0,27.0,22.0,7.0,10.0,6.0,109.0,29.0,262.0,370.0,140.0,254.0,245.0,254.0,268.0,112.0,971.0,116.0,263.0,116.0,191.0,2416.0,276.0,288.0,186.0,1041.0,1365.0,1586.0,314.0,3689.0,40.0,31.0,30.0,23.0,187.0,222.0,-32.57148361206055,-10.285468101501465,7.378740310668945
102,55.0,106.0,118.0,68.0,24.0,23.0,13.0,860.0,119.0,109.0,1001.0,547.0,1184.0,1452.0,91.0,104.0,83.0,55.0,8.0,228.0,64.0,115.0,107.0,22.0,21.0,336.0,660.0,410.0,168.0,50.0,35.0,32.0,93.0,78.0,22.0,1.0,26.0,71.0,60.0,46.0,134.0,22.0,166.0,116.0,268.0,19.0,80.0,37.0,24.0,98.0,64.0,101.0,60.0,28.0,85.0,155.0,38.0,43.0,5.0,81.0,18.0,77.0,70.0,207.0,30.0,74.0,53.0,83.0,58.0,28.0,3.0,0.0,21.0,1.0,0.0,28.0,23.0,8.0,10.0,7.0,114.0,30.0,262.0,367.0,141.0,254.0,242.0,250.0,267.0,112.0,975.0,116.0,263.0,116.0,197.0,2394.0,286.0,287.0,185.0,1038.0,1335.0,1554.0,315.0,3686.0,40.0,32.0,30.0,24.0,188.0,222.0,-33.60887908935547,-10.653603553771973,7.316844463348389
103,55.0,111.0,121.0,70.0,25.0,23.0,14.0,839.0,119.0,114.0,968.0,565.0,1150.0,1405.0,94.0,106.0,83.0,57.0,8.0,230.0,67.0,115.0,116.0,23.0,20.0,338.0,665.0,414.0,160.0,48.0,33.0,31.0,86.0,79.0,23.0,1.0,29.0,69.0,59.0,46.0,136.0,23.0,169.0,117.0,269.0,20.0,83.0,36.0,23.0,95.0,61.0,100.0,60.0,29.0,86.0,150.0,41.0,41.0,8.0,86.0,24.0,79.0,70.0,205.0,29.0,72.0,53.0,82.0,59.0,27.0,3.0,1.0,20.0,0.0,1.0,30.0,25.0,9.0,9.0,8.0,117.0,33.0,264.0,365.0,139.0,255.0,243.0,250.0,270.0,113.0,976.0,115.0,265.0,115.0,206.0,2395.0,295.0,285.0,183.0,1016.0,1308.0,1509.0,307.0,3653.0,40.0,33.0,30.0,24.0,189.0,222.0,-33.186561584472656,-11.637103080749512,7.304703712463379
104,66.0,109.0,120.0,69.0,25.0,24.0,14.0,858.0,112.0,119.0,997.0,590.0,1168.0,1404.0,91.0,106.0,80.0,57.0,6.0,240.0,64.0,110.0,121.0,25.0,19.0,332.0,692.0,422.0,146.0,42.0,29.0,26.0,77.0,87.0,24.0,3.0,32.0,78.0,69.0,50.0,132.0,24.0,168.0,118.0,281.0,19.0,84.0,30.0,19.0,84.0,52.0,98.0,57.0,29.0,90.0,147.0,40.0,36.0,18.0,82.0,32.0,89.0,81.0,205.0,33.0,67.0,48.0,78.0,54.0,23.0,8.0,6.0,17.0,4.0,5.0,32.0,26.0,10.0,9.0,9.0,120.0,39.0,253.0,350.0,135.0,257.0,246.0,242.0,262.0,109.0,965.0,108.0,259.0,109.0,204.0,2426.0,288.0,274.0,176.0,986.0,1295.0,1500.0,307.0,3653.0,41.0,34.0,32.0,24.0,190.0,227.0,-32.37430953979492,-12.234007835388184,7.34649658203125
105,66.0,107.0,117.0,68.0,26.0,25.0,14.0,850.0,112.0,137.0,1006.0,630.0,1172.0,1407.0,90.0,105.0,79.0,58.0,10.0,234.0,70.0,109.0,137.0,29.0,21.0,350.0,685.0,417.0,150.0,47.0,30.0,28.0,76.0,87.0,26.0,6.0,38.0,74.0,66.0,49.0,124.0,28.0,176.0,123.0,294.0,21.0,83.0,32.0,19.0,84.0,51.0,97.0,52.0,30.0,92.0,147.0,42.0,39.0,29.0,92.0,40.0,88.0,82.0,210.0,29.0,65.0,47.0,76.0,52.0,25.0,12.0,11.0,17.0,7.0,8.0,30.0,24.0,13.0,10.0,12.0,122.0,37.0,250.0,348.0,135.0,260.0,250.0,237.0,255.0,111.0,976.0,108.0,265.0,109.0,215.0,2465.0,291.0,272.0,172.0,955.0,1316.0,1525.0,299.0,3694.0,41.0,35.0,33.0,25.0,194.0,232.0,-34.635066986083984,-13.99990463256836,7.14316987991333
106,69.0,106.0,116.0,66.0,25.0,24.0,14.0,865.0,108.0,134.0,1038.0,640.0,1217.0,1443.0,88.0,102.0,79.0,56.0,13.0,238.0,69.0,105.0,135.0,30.0,22.0,336.0,697.0,421.0,144.0,45.0,28.0,27.0,73.0,87.0,27.0,5.0,39.0,72.0,65.0,48.0,121.0,30.0,177.0,119.0,293.0,22.0,83.0,31.0,18.0,77.0,47.0,97.0,52.0,30.0,94.0,146.0,39.0,37.0,29.0,89.0,38.0,84.0,77.0,208.0,28.0,64.0,44.0,74.0,49.0,23.0,12.0,10.0,16.0,7.0,8.0,30.0,24.0,13.0,10.0,12.0,121.0,37.0,246.0,339.0,130.0,263.0,249.0,236.0,254.0,108.0,972.0,106.0,264.0,106.0,208.0,2512.0,284.0,269.0,172.0,941.0,1328.0,1550.0,301.0,3732.0,40.0,34.0,32.0,25.0,198.0,234.0,-34.496463775634766,-14.8634672164917,7.096153736114502
107,64.0,107.0,114.0,64.0,25.0,24.0,14.0,879.0,107.0,132.0,1056.0,635.0,1247.0,1475.0,88.0,102.0,77.0,56.0,13.0,243.0,68.0,103.0,131.0,31.0,22.0,328.0,710.0,428.0,145.0,45.0,28.0,27.0,72.0,86.0,29.0,6.0,41.0,68.0,63.0,51.0,120.0,30.0,179.0,114.0,289.0,22.0,84.0,31.0,18.0,74.0,45.0,97.0,48.0,30.0,97.0,136.0,36.0,37.0,29.0,87.0,34.0,77.0,70.0,198.0,29.0,63.0,42.0,73.0,48.0,23.0,12.0,11.0,16.0,6.0,8.0,29.0,23.0,14.0,11.0,12.0,117.0,35.0,244.0,328.0,127.0,264.0,254.0,237.0,251.0,108.0,973.0,106.0,265.0,105.0,202.0,2551.0,275.0,270.0,172.0,929.0,1340.0,1565.0,301.0,3763.0,41.0,34.0,32.0,25.0,203.0,236.0,-34.34885787963867,-15.202047348022461,7.284548759460449
108,65.0,105.0,114.0,64.0,25.0,24.0,14.0,882.0,106.0,131.0,1065.0,629.0,1264.0,1500.0,85.0,101.0,75.0,56.0,14.0,245.0,67.0,103.0,128.0,31.0,23.0,318.0,707.0,427.0,140.0,43.0,27.0,25.0,69.0,92.0,30.0,7.0,40.0,72.0,67.0,52.0,124.0,30.0,178.0,114.0,291.0,22.0,83.0,30.0,17.0,73.0,43.0,97.0,48.0,30.0,98.0,133.0,34.0,35.0,30.0,84.0,33.0,77.0,68.0,200.0,33.0,63.0,42.0,74.0,48.0,22.0,12.0,11.0,15.0,6.0,8.0,29.0,24.0,13.0,11.0,12.0,113.0,38.0,239.0,323.0,128.0,265.0,255.0,233.0,249.0,107.0,972.0,106.0,267.0,104.0,201.0,2598.0,274.0,268.0,169.0,929.0,1347.0,1572.0,299.0,3785.0,40.0,35.0,32.0,25.0,206.0,240.0,-36.57481384277344,-13.466644287109375,7.333208084106445
109,62.0,100.0,110.0,59.0,24.0,24.0,13.0,891.0,107.0,118.0,1066.0,591.0,1279.0,1509.0,84.0,97.0,74.0,54.0,12.0,247.0,60.0,107.0,115.0,29.0,21.0,299.0,706.0,433.0,138.0,40.0,25.0,24.0,70.0,94.0,28.0,6.0,36.0,72.0,67.0,52.0,115.0,32.0,176.0,109.0,282.0,19.0,81.0,29.0,15.0,76.0,43.0,94.0,48.0,29.0,98.0,134.0,35.0,33.0,26.0,75.0,29.0,77.0,66.0,189.0,34.0,63.0,40.0,76.0,46.0,21.0,11.0,10.0,14.0,6.0,7.0,30.0,25.0,11.0,10.0,10.0,116.0,41.0,237.0,318.0,124.0,267.0,257.0,231.0,246.0,104.0,983.0,106.0,268.0,108.0,193.0,2638.0,272.0,268.0,168.0,927.0,1349.0,1581.0,297.0,3789.0,40.0,33.0,31.0,24.0,205.0,237.0,-36.45144271850586,-14.487384796142578,7.496667861938477
110,64.0,96.0,107.0,55.0,24.0,23.0,12.0,906.0,105.0,106.0,1093.0,555.0,1321.0,1563.0,83.0,97.0,72.0,50.0,15.0,244.0,54.0,105.0,102.0,29.0,20.0,270.0,715.0,433.0,131.0,36.0,23.0,21.0,65.0,91.0,26.0,7.0,32.0,70.0,65.0,50.0,117.0,34.0,170.0,103.0,267.0,18.0,77.0,26.0,14.0,71.0,41.0,93.0,51.0,29.0,98.0,136.0,33.0,30.0,19.0,66.0,23.0,70.0,60.0,177.0,32.0,63.0,39.0,77.0,46.0,19.0,10.0,9.0,13.0,4.0,6.0,31.0,27.0,10.0,10.0,9.0,117.0,43.0,234.0,318.0,123.0,263.0,254.0,233.0,248.0,103.0,975.0,105.0,266.0,105.0,182.0,2709.0,267.0,267.0,170.0,929.0,1334.0,1572.0,301.0,3785.0,40.0,34.0,32.0,24.0,206.0,236.0,-34.383445739746094,-15.624068260192871,7.0356035232543945
111,59.0,94.0,104.0,60.0,26.0,25.0,13.0,879.0,113.0,119.0,1035.0,568.0,1249.0,1480.0,78.0,92.0,72.0,52.0,7.0,240.0,61.0,117.0,114.0,29.0,21.0,316.0,715.0,438.0,154.0,44.0,30.0,28.0,83.0,80.0,24.0,5.0,30.0,60.0,55.0,46.0,114.0,30.0,174.0,100.0,265.0,17.0,77.0,31.0,18.0,88.0,52.0,88.0,43.0,31.0,99.0,140.0,36.0,37.0,23.0,78.0,27.0,69.0,61.0,157.0,27.0,65.0,44.0,79.0,52.0,23.0,12.0,10.0,16.0,6.0,7.0,28.0,22.0,12.0,9.0,10.0,114.0,43.0,227.0,327.0,130.0,264.0,255.0,225.0,239.0,101.0,1006.0,113.0,279.0,119.0,202.0,2633.0,292.0,270.0,168.0,910.0,1345.0,1570.0,298.0,3738.0,43.0,35.0,34.0,25.0,200.0,241.0,-35.61348342895508,-14.239249229431152,7.200051307678223
112,46.0,92.0,104.0,59.0,26.0,25.0,13.0,889.0,115.0,112.0,1025.0,545.0,1241.0,1477.0,79.0,90.0,72.0,50.0,2.0,241.0,57.0,120.0,108.0,27.0,20.0,315.0,722.0,446.0,158.0,44.0,30.0,28.0,86.0,75.0,23.0,5.0,27.0,57.0,51.0,47.0,117.0,30.0,176.0,94.0,244.0,16.0,76.0,30.0,19.0,91.0,56.0,88.0,44.0,31.0,102.0,140.0,34.0,37.0,20.0,75.0,24.0,67.0,61.0,136.0,27.0,66.0,44.0,81.0,52.0,22.0,11.0,9.0,16.0,5.0,7.0,28.0,23.0,11.0,8.0,9.0,113.0,47.0,224.0,325.0,129.0,267.0,257.0,221.0,237.0,99.0,1011.0,115.0,282.0,122.0,201.0,2638.0,293.0,269.0,167.0,902.0,1336.0,1558.0,293.0,3712.0,43.0,36.0,34.0,25.0,195.0,241.0,-36.885684967041016,-13.846034049987793,7.683648109436035
113,38.0,96.0,104.0,60.0,26.0,25.0,13.0,887.0,117.0,107.0,1016.0,520.0,1227.0,1463.0,79.0,90.0,70.0,51.0,4.0,242.0,55.0,125.0,102.0,26.0,20.0,311.0,725.0,447.0,163.0,44.0,31.0,29.0,92.0,75.0,22.0,5.0,27.0,57.0,50.0,47.0,125.0,26.0,177.0,89.0,232.0,16.0,77.0,31.0,19.0,96.0,58.0,89.0,44.0,31.0,103.0,136.0,31.0,38.0,17.0,73.0,22.0,66.0,57.0,124.0,29.0,66.0,46.0,82.0,54.0,23.0,10.0,8.0,16.0,5.0,6.0,31.0,25.0,10.0,8.0,8.0,109.0,44.0,219.0,324.0,132.0,265.0,256.0,216.0,233.0,97.0,1011.0,115.0,286.0,125.0,198.0,2627.0,295.0,266.0,164.0,878.0,1316.0,1536.0,284.0,3665.0,43.0,35.0,34.0,25.0,195.0,242.0,-36.84906768798828,-13.966852188110352,8.066247940063477
114,44.0,95.0,102.0,60.0,26.0,24.0,13.0,888.0,115.0,102.0,1016.0,503.0,1236.0,1476.0,77.0,89.0,69.0,51.0,0.0,249.0,54.0,123.0,98.0,24.0,20.0,301.0,736.0,452.0,163.0,43.0,31.0,28.0,92.0,78.0,22.0,4.0,25.0,60.0,53.0,48.0,133.0,23.0,175.0,91.0,241.0,15.0,75.0,31.0,19.0,97.0,59.0,88.0,45.0,31.0,105.0,138.0,31.0,37.0,15.0,71.0,21.0,69.0,60.0,129.0,30.0,67.0,46.0,84.0,54.0,23.0,9.0,7.0,16.0,4.0,5.0,32.0,25.0,10.0,8.0,8.0,108.0,46.0,220.0,324.0,132.0,266.0,256.0,216.0,232.0,96.0,1002.0,114.0,281.0,125.0,193.0,2640.0,292.0,268.0,166.0,899.0,1329.0,1545.0,284.0,3667.0,43.0,35.0,33.0,25.0,192.0,239.0,-36.4614143371582,-14.572748184204102,7.890347957611084
115,35.0,92.0,105.0,61.0,27.0,25.0,13.0,884.0,116.0,102.0,1011.0,502.0,1236.0,1483.0,84.0,93.0,73.0,51.0,4.0,250.0,53.0,124.0,98.0,24.0,19.0,294.0,734.0,456.0,160.0,42.0,30.0,28.0,93.0,81.0,22.0,4.0,25.0,62.0,55.0,48.0,137.0,22.0,180.0,92.0,238.0,15.0,78.0,30.0,19.0,95.0,60.0,90.0,50.0,31.0,104.0,137.0,32.0,36.0,14.0,68.0,20.0,69.0,57.0,132.0,33.0,66.0,46.0,83.0,55.0,22.0,9.0,7.0,16.0,4.0,5.0,33.0,28.0,8.0,8.0,8.0,116.0,47.0,228.0,324.0,134.0,266.0,256.0,222.0,239.0,101.0,998.0,114.0,279.0,124.0,193.0,2633.0,291.0,269.0,167.0,874.0,1330.0,1549.0,280.0,3644.0,44.0,36.0,34.0,25.0,195.0,240.0,-36.34122848510742,-15.797863006591797,7.888946056365967
116,25.0,94.0,103.0,62.0,28.0,26.0,14.0,888.0,114.0,100.0,1008.0,499.0,1225.0,1483.0,83.0,94.0,73.0,48.0,10.0,242.0,54.0,121.0,97.0,24.0,19.0,294.0,741.0,452.0,153.0,41.0,31.0,28.0,90.0,71.0,21.0,2.0,24.0,54.0,48.0,43.0,140.0,23.0,180.0,85.0,218.0,15.0,76.0,30.0,19.0,94.0,58.0,91.0,51.0,34.0,107.0,142.0,34.0,35.0,12.0,70.0,18.0,63.0,50.0,118.0,31.0,66.0,46.0,83.0,55.0,23.0,7.0,5.0,17.0,3.0,4.0,35.0,28.0,8.0,7.0,7.0,121.0,52.0,230.0,329.0,138.0,264.0,254.0,223.0,242.0,101.0,996.0,113.0,279.0,121.0,194.0,2637.0,294.0,272.0,173.0,891.0,1329.0,1540.0,293.0,3642.0,47.0,37.0,37.0,26.0,192.0,246.0,-36.166900634765625,-15.587037086486816,7.789133548736572
117,16.0,97.0,106.0,64.0,28.0,27.0,14.0,886.0,112.0,99.0,1003.0,499.0,1222.0,1474.0,85.0,93.0,73.0,47.0,15.0,242.0,53.0,121.0,97.0,24.0,19.0,286.0,739.0,450.0,154.0,41.0,31.0,29.0,91.0,72.0,22.0,3.0,25.0,56.0,50.0,45.0,150.0,22.0,184.0,89.0,212.0,16.0,77.0,30.0,19.0,94.0,60.0,93.0,55.0,34.0,110.0,142.0,34.0,36.0,12.0,69.0,18.0,63.0,48.0,124.0,32.0,66.0,46.0,81.0,55.0,22.0,7.0,6.0,16.0,4.0,4.0,39.0,31.0,8.0,8.0,8.0,123.0,56.0,228.0,324.0,137.0,266.0,255.0,221.0,240.0,101.0,991.0,112.0,276.0,120.0,191.0,2634.0,294.0,272.0,172.0,894.0,1326.0,1538.0,290.0,3638.0,47.0,38.0,36.0,26.0,193.0,246.0,-37.45547103881836,-14.5585355758667,7.228298664093018
118,9.0,97.0,106.0,62.0,27.0,26.0,14.0,884.0,111.0,99.0,1000.0,495.0,1216.0,1469.0,88.0,96.0,74.0,47.0,18.0,245.0,53.0,119.0,96.0,25.0,18.0,290.0,734.0,446.0,155.0,42.0,31.0,30.0,94.0,73.0,23.0,4.0,26.0,57.0,50.0,47.0,155.0,22.0,185.0,87.0,204.0,16.0,78.0,31.0,19.0,95.0,61.0,96.0,56.0,34.0,112.0,139.0,33.0,36.0,13.0,68.0,18.0,63.0,45.0,118.0,33.0,65.0,46.0,81.0,55.0,23.0,8.0,6.0,17.0,4.0,5.0,38.0,32.0,7.0,8.0,8.0,123.0,58.0,230.0,322.0,137.0,267.0,258.0,219.0,241.0,100.0,988.0,110.0,279.0,119.0,188.0,2610.0,287.0,269.0,171.0,887.0,1325.0,1536.0,289.0,3656.0,46.0,37.0,35.0,25.0,193.0,244.0,-37.83232498168945,-13.425101280212402,7.244965553283691
119,7.0,98.0,106.0,63.0,28.0,27.0,14.0,885.0,112.0,102.0,995.0,515.0,1204.0,1455.0,87.0,95.0,73.0,47.0,21.0,244.0,54.0,119.0,100.0,25.0,19.0,298.0,734.0,446.0,158.0,43.0,31.0,30.0,93.0,72.0,23.0,4.0,27.0,56.0,50.0,47.0,150.0,22.0,186.0,86.0,199.0,16.0,78.0,31.0,19.0,95.0,60.0,95.0,52.0,34.0,113.0,136.0,32.0,37.0,14.0,71.0,19.0,63.0,43.0,111.0,34.0,65.0,45.0,80.0,54.0,23.0,9.0,7.0,17.0,4.0,5.0,37.0,30.0,8.0,8.0,8.0,126.0,56.0,230.0,318.0,138.0,270.0,259.0,217.0,239.0,99.0,991.0,109.0,281.0,118.0,193.0,2578.0,290.0,270.0,170.0,892.0,1319.0,1534.0,287.0,3646.0,46.0,37.0,36.0,26.0,192.0,244.0,-36.62629318237305,-12.825440406799316,6.9824934005737305
120,9.0,94.0,104.0,62.0,29.0,27.0,14.0,884.0,111.0,104.0,998.0,520.0,1207.0,1453.0,85.0,92.0,73.0,48.0,23.0,244.0,53.0,119.0,101.0,25.0,18.0,301.0,734.0,441.0,154.0,41.0,31.0,29.0,92.0,73.0,23.0,5.0,27.0,60.0,54.0,48.0,148.0,23.0,186.0,84.0,195.0,16.0,78.0,29.0,18.0,93.0,58.0,94.0,52.0,34.0,114.0,132.0,31.0,35.0,16.0,71.0,21.0,68.0,50.0,105.0,32.0,63.0,44.0,79.0,53.0,22.0,10.0,8.0,16.0,5.0,6.0,38.0,31.0,8.0,7.0,9.0,125.0,55.0,228.0,315.0,139.0,269.0,261.0,214.0,237.0,99.0,994.0,110.0,282.0,120.0,194.0,2569.0,290.0,267.0,166.0,868.0,1323.0,1542.0,284.0,3665.0,46.0,37.0,36.0,26.0,192.0,248.0,-35.676856994628906,-13.060449600219727,6.817046165466309
121,13.0,97.0,106.0,64.0,29.0,28.0,14.0,876.0,110.0,105.0,991.0,526.0,1203.0,1450.0,86.0,95.0,72.0,48.0,18.0,243.0,55.0,120.0,103.0,25.0,17.0,304.0,734.0,438.0,148.0,40.0,29.0,28.0,87.0,76.0,23.0,4.0,27.0,63.0,56.0,46.0,150.0,21.0,192.0,86.0,204.0,16.0,78.0,28.0,18.0,91.0,56.0,93.0,51.0,35.0,114.0,131.0,32.0,35.0,16.0,73.0,25.0,73.0,58.0,103.0,32.0,61.0,45.0,78.0,54.0,21.0,9.0,7.0,16.0,5.0,5.0,39.0,31.0,8.0,7.0,9.0,130.0,58.0,229.0,313.0,141.0,271.0,260.0,217.0,239.0,99.0,993.0,109.0,283.0,119.0,198.0,2563.0,293.0,264.0,166.0,840.0,1329.0,1544.0,287.0,3644.0,47.0,39.0,37.0,27.0,194.0,248.0,-36.130184173583984,-18.205123901367188,7.917000770568848
122,9.0,100.0,110.0,66.0,27.0,25.0,14.0,875.0,111.0,106.0,995.0,529.0,1219.0,1456.0,86.0,96.0,72.0,49.0,14.0,239.0,54.0,122.0,102.0,24.0,17.0,306.0,726.0,430.0,149.0,41.0,30.0,28.0,87.0,76.0,22.0,5.0,26.0,64.0,57.0,46.0,145.0,18.0,183.0,86.0,207.0,15.0,80.0,28.0,17.0,91.0,56.0,92.0,45.0,33.0,112.0,125.0,29.0,34.0,17.0,72.0,26.0,75.0,61.0,95.0,33.0,63.0,45.0,79.0,53.0,21.0,9.0,7.0,15.0,5.0,5.0,34.0,28.0,7.0,7.0,9.0,126.0,55.0,238.0,315.0,135.0,268.0,258.0,227.0,246.0,98.0,980.0,108.0,279.0,120.0,200.0,2552.0,286.0,272.0,169.0,829.0,1355.0,1568.0,274.0,3597.0,44.0,36.0,34.0,25.0,187.0,240.0,-35.96614456176758,-18.86876106262207,8.064627647399902
123,8.0,97.0,106.0,64.0,30.0,28.0,14.0,870.0,112.0,108.0,992.0,527.0,1215.0,1456.0,80.0,93.0,73.0,46.0,13.0,233.0,55.0,121.0,103.0,25.0,16.0,308.0,713.0,422.0,146.0,41.0,30.0,28.0,84.0,78.0,22.0,5.0,26.0,64.0,57.0,43.0,133.0,20.0,184.0,83.0,203.0,15.0,77.0,28.0,18.0,90.0,54.0,91.0,42.0,35.0,110.0,132.0,30.0,34.0,19.0,72.0,29.0,78.0,69.0,80.0,31.0,64.0,46.0,78.0,53.0,21.0,10.0,8.0,15.0,5.0,6.0,31.0,23.0,8.0,6.0,9.0,126.0,53.0,241.0,325.0,142.0,263.0,257.0,230.0,248.0,103.0,979.0,108.0,281.0,119.0,199.0,2545.0,286.0,275.0,174.0,823.0,1356.0,1577.0,280.0,3536.0,48.0,39.0,38.0,27.0,191.0,245.0,-36.077117919921875,-18.538904190063477,9.056008338928223
124,4.0,99.0,105.0,65.0,29.0,28.0,15.0,874.0,111.0,109.0,990.0,525.0,1212.0,1463.0,80.0,93.0,72.0,45.0,13.0,236.0,55.0,121.0,104.0,25.0,15.0,313.0,720.0,423.0,148.0,41.0,30.0,29.0,87.0,77.0,22.0,5.0,25.0,65.0,58.0,43.0,139.0,16.0,188.0,84.0,203.0,15.0,75.0,28.0,18.0,91.0,54.0,90.0,42.0,35.0,113.0,136.0,31.0,35.0,18.0,73.0,29.0,76.0,67.0,76.0,32.0,62.0,46.0,76.0,53.0,21.0,10.0,8.0,15.0,5.0,6.0,32.0,24.0,8.0,6.0,9.0,132.0,58.0,238.0,321.0,140.0,266.0,256.0,228.0,246.0,101.0,973.0,107.0,280.0,119.0,198.0,2536.0,282.0,277.0,175.0,825.0,1362.0,1578.0,274.0,3515.0,48.0,39.0,38.0,27.0,188.0,245.0,-36.532203674316406,-17.684772491455078,8.714860916137695
125,12.0,103.0,107.0,67.0,30.0,28.0,15.0,860.0,108.0,109.0,985.0,513.0,1208.0,1450.0,78.0,94.0,70.0,48.0,0.0,236.0,56.0,118.0,103.0,24.0,16.0,309.0,719.0,423.0,145.0,41.0,30.0,29.0,87.0,79.0,21.0,4.0,24.0,68.0,60.0,43.0,149.0,12.0,190.0,91.0,226.0,14.0,74.0,28.0,18.0,92.0,53.0,87.0,43.0,35.0,113.0,137.0,31.0,35.0,17.0,74.0,32.0,83.0,76.0,81.0,37.0,64.0,48.0,78.0,53.0,21.0,9.0,7.0,15.0,5.0,5.0,33.0,27.0,7.0,6.0,10.0,130.0,61.0,231.0,321.0,138.0,268.0,258.0,223.0,239.0,99.0,969.0,106.0,274.0,118.0,196.0,2549.0,279.0,278.0,173.0,812.0,1365.0,1578.0,272.0,3501.0,49.0,40.0,38.0,27.0,189.0,243.0,-36.77606964111328,-17.161497116088867,9.15750503540039
126,11.0,103.0,106.0,68.0,29.0,27.0,15.0,857.0,108.0,108.0,978.0,514.0,1195.0,1436.0,77.0,92.0,70.0,48.0,3.0,237.0,55.0,120.0,102.0,24.0,17.0,311.0,724.0,429.0,146.0,40.0,30.0,28.0,86.0,78.0,21.0,4.0,24.0,69.0,61.0,43.0,146.0,13.0,186.0,94.0,231.0,14.0,74.0,28.0,17.0,92.0,52.0,84.0,41.0,34.0,113.0,139.0,32.0,35.0,16.0,74.0,32.0,83.0,80.0,82.0,38.0,63.0,48.0,77.0,54.0,20.0,9.0,7.0,15.0,5.0,5.0,33.0,26.0,7.0,6.0,10.0,131.0,64.0,231.0,323.0,137.0,269.0,261.0,222.0,237.0,99.0,975.0,106.0,275.0,120.0,199.0,2545.0,282.0,275.0,170.0,799.0,1352.0,1558.0,266.0,3465.0,48.0,40.0,37.0,27.0,192.0,240.0,-36.74534606933594,-18.940305709838867,10.027337074279785
127,11.0,96.0,105.0,70.0,30.0,28.0,16.0,855.0,106.0,105.0,973.0,500.0,1201.0,1446.0,80.0,96.0,72.0,48.0,14.0,237.0,55.0,119.0,99.0,24.0,14.0,311.0,725.0,426.0,149.0,41.0,30.0,29.0,89.0,81.0,21.0,4.0,24.0,73.0,65.0,43.0,148.0,11.0,189.0,97.0,248.0,14.0,72.0,28.0,17.0,92.0,53.0,83.0,43.0,34.0,111.0,142.0,34.0,35.0,16.0,73.0,36.0,90.0,93.0,83.0,35.0,62.0,47.0,77.0,55.0,20.0,9.0,7.0,15.0,5.0,5.0,34.0,28.0,7.0,6.0,10.0,138.0,67.0,239.0,327.0,137.0,268.0,260.0,232.0,247.0,100.0,965.0,105.0,271.0,119.0,198.0,2539.0,276.0,282.0,172.0,760.0,1366.0,1563.0,261.0,3455.0,47.0,40.0,38.0,27.0,189.0,245.0,-36.17101287841797,-20.97669792175293,11.161079406738281
128,19.0,92.0,104.0,70.0,32.0,29.0,16.0,855.0,102.0,105.0,977.0,505.0,1205.0,1459.0,77.0,94.0,72.0,49.0,23.0,234.0,55.0,114.0,100.0,24.0,13.0,309.0,717.0,420.0,146.0,42.0,30.0,28.0,85.0,82.0,22.0,3.0,25.0,74.0,67.0,42.0,143.0,12.0,193.0,101.0,266.0,14.0,68.0,28.0,18.0,88.0,53.0,81.0,41.0,35.0,114.0,147.0,36.0,35.0,14.0,75.0,38.0,92.0,91.0,89.0,34.0,61.0,46.0,75.0,53.0,21.0,8.0,6.0,15.0,4.0,4.0,34.0,26.0,7.0,6.0,10.0,139.0,69.0,233.0,325.0,138.0,267.0,258.0,228.0,242.0,101.0,960.0,101.0,270.0,114.0,195.0,2520.0,269.0,279.0,171.0,745.0,1380.0,1587.0,273.0,3475.0,49.0,43.0,41.0,28.0,190.0,249.0,-35.727787017822266,-22.21321678161621,12.052526473999023
129,36.0,89.0,98.0,70.0,32.0,31.0,16.0,843.0,100.0,106.0,971.0,509.0,1192.0,1446.0,72.0,89.0,71.0,52.0,23.0,233.0,57.0,111.0,102.0,24.0,14.0,306.0,713.0,420.0,141.0,41.0,29.0,28.0,83.0,81.0,22.0,2.0,26.0,74.0,66.0,43.0,142.0,14.0,197.0,104.0,276.0,15.0,68.0,28.0,17.0,86.0,50.0,77.0,39.0,36.0,114.0,155.0,38.0,35.0,14.0,77.0,41.0,92.0,92.0,101.0,32.0,60.0,44.0,73.0,50.0,20.0,7.0,5.0,15.0,4.0,4.0,34.0,26.0,8.0,6.0,11.0,142.0,71.0,224.0,323.0,134.0,268.0,259.0,214.0,233.0,99.0,960.0,99.0,267.0,111.0,194.0,2514.0,272.0,276.0,168.0,781.0,1366.0,1583.0,262.0,3499.0,50.0,43.0,42.0,27.0,186.0,249.0,-36.560272216796875,-22.979732513427734,12.415251731872559
130,40.0,97.0,101.0,69.0,32.0,30.0,16.0,839.0,99.0,107.0,971.0,505.0,1188.0,1439.0,72.0,88.0,71.0,52.0,20.0,229.0,57.0,109.0,102.0,24.0,15.0,303.0,712.0,415.0,140.0,41.0,29.0,28.0,82.0,80.0,21.0,2.0,25.0,72.0,65.0,43.0,149.0,11.0,192.0,103.0,272.0,15.0,68.0,28.0,17.0,85.0,48.0,77.0,41.0,35.0,115.0,153.0,37.0,34.0,13.0,77.0,38.0,88.0,87.0,96.0,34.0,59.0,45.0,72.0,51.0,20.0,6.0,4.0,15.0,3.0,3.0,34.0,27.0,7.0,6.0,10.0,140.0,72.0,222.0,323.0,133.0,271.0,263.0,212.0,229.0,99.0,960.0,99.0,267.0,111.0,192.0,2510.0,269.0,273.0,167.0,811.0,1355.0,1566.0,269.0,3506.0,50.0,43.0,41.0,27.0,186.0,247.0,-35.911231994628906,-21.81718635559082,12.259248733520508
131,51.0,90.0,97.0,70.0,31.0,30.0,16.0,834.0,99.0,106.0,971.0,507.0,1191.0,1438.0,70.0,86.0,70.0,54.0,16.0,228.0,57.0,110.0,100.0,24.0,15.0,302.0,703.0,409.0,137.0,40.0,28.0,27.0,81.0,80.0,22.0,2.0,24.0,74.0,66.0,44.0,142.0,10.0,192.0,100.0,267.0,14.0,66.0,27.0,17.0,84.0,48.0,74.0,39.0,34.0,113.0,157.0,38.0,34.0,12.0,76.0,39.0,90.0,94.0,97.0,33.0,59.0,44.0,72.0,50.0,20.0,6.0,4.0,15.0,3.0,3.0,35.0,26.0,7.0,6.0,10.0,140.0,70.0,222.0,327.0,134.0,270.0,260.0,212.0,229.0,98.0,959.0,97.0,262.0,110.0,192.0,2492.0,268.0,274.0,166.0,815.0,1352.0,1567.0,264.0,3520.0,49.0,44.0,41.0,27.0,184.0,247.0,-35.87940216064453,-21.108108520507812,11.50777816772461
132,41.0,87.0,94.0,69.0,31.0,29.0,15.0,835.0,99.0,106.0,967.0,499.0,1190.0,1438.0,67.0,85.0,70.0,51.0,16.0,221.0,57.0,111.0,100.0,25.0,14.0,305.0,696.0,406.0,140.0,41.0,29.0,28.0,81.0,72.0,21.0,2.0,24.0,64.0,57.0,41.0,139.0,9.0,192.0,94.0,257.0,14.0,64.0,28.0,17.0,86.0,48.0,71.0,37.0,34.0,115.0,161.0,41.0,35.0,10.0,76.0,37.0,82.0,84.0,81.0,29.0,57.0,42.0,71.0,49.0,20.0,6.0,4.0,15.0,3.0,3.0,33.0,25.0,8.0,5.0,10.0,143.0,76.0,223.0,325.0,133.0,276.0,265.0,215.0,231.0,98.0,963.0,96.0,268.0,111.0,191.0,2490.0,266.0,273.0,167.0,810.0,1369.0,1580.0,273.0,3530.0,49.0,43.0,41.0,27.0,186.0,248.0,-35.7316780090332,-20.241609573364258,11.05168628692627
133,46.0,87.0,95.0,68.0,30.0,28.0,15.0,830.0,98.0,105.0,969.0,504.0,1191.0,1438.0,66.0,84.0,68.0,52.0,11.0,218.0,56.0,109.0,101.0,25.0,14.0,298.0,686.0,399.0,137.0,40.0,28.0,27.0,79.0,70.0,21.0,2.0,23.0,65.0,58.0,41.0,140.0,10.0,186.0,92.0,254.0,14.0,65.0,27.0,16.0,83.0,46.0,71.0,37.0,34.0,114.0,154.0,38.0,34.0,12.0,75.0,36.0,81.0,80.0,84.0,30.0,57.0,41.0,71.0,47.0,20.0,6.0,4.0,14.0,3.0,3.0,32.0,25.0,8.0,6.0,10.0,139.0,69.0,221.0,320.0,131.0,272.0,263.0,209.0,227.0,96.0,952.0,97.0,266.0,111.0,191.0,2485.0,266.0,271.0,164.0,809.0,1367.0,1582.0,264.0,3542.0,47.0,42.0,39.0,26.0,182.0,244.0,-35.613948822021484,-20.563297271728516,11.734246253967285
134,53.0,81.0,94.0,68.0,31.0,29.0,15.0,829.0,94.0,103.0,967.0,492.0,1191.0,1452.0,66.0,85.0,69.0,53.0,24.0,213.0,56.0,106.0,99.0,24.0,14.0,296.0,678.0,396.0,132.0,40.0,27.0,26.0,76.0,74.0,21.0,2.0,23.0,69.0,61.0,40.0,136.0,10.0,189.0,95.0,273.0,13.0,62.0,26.0,15.0,80.0,45.0,69.0,37.0,34.0,111.0,158.0,39.0,33.0,10.0,76.0,39.0,85.0,90.0,90.0,30.0,56.0,41.0,71.0,47.0,20.0,5.0,3.0,14.0,2.0,2.0,33.0,25.0,8.0,5.0,9.0,142.0,69.0,221.0,322.0,131.0,271.0,261.0,211.0,226.0,99.0,947.0,94.0,261.0,108.0,189.0,2491.0,262.0,271.0,162.0,796.0,1374.0,1592.0,264.0,3536.0,48.0,44.0,42.0,26.0,180.0,249.0,-36.84939956665039,-21.33038902282715,12.228543281555176
